1.468,-2.3562,3222,0
1.492,-2.3518,3173,0
1.482,-2.3475,3117,0
1.483,-2.3431,3132,0
1.48,-2.3387,3194,0
1.481,-2.3344,3173,0
1.484,-2.33,3219,0
1.477,-2.3257,3228,0
1.475,-2.3213,3261,0
1.481,-2.3169,3242,0
1.471,-2.3126,3220,0
1.477,-2.3082,3237,0
1.47,-2.3038,3213,0
1.478,-2.2995,3219,0
1.479,-2.2951,3298,0
1.472,-2.2907,3309,0
1.467,-2.2864,3294,0
1.468,-2.282,3294,0
1.459,-2.2777,3267,0
1.477,-2.2733,3275,0
1.469,-2.2689,3290,0
1.482,-2.2646,3301,0
1.474,-2.2602,3320,0
1.475,-2.2558,3315,0
1.475,-2.2515,3276,0
1.467,-2.2471,3328,0
1.467,-2.2427,3337,0
1.479,-2.2384,3314,0
1.475,-2.234,3361,0
1.474,-2.2297,3330,0
1.483,-2.2253,3320,0
1.467,-2.2209,3308,0
1.477,-2.2166,3372,0
1.472,-2.2122,3372,0
1.48,-2.2078,3329,0
1.468,-2.2035,3351,0
1.467,-2.1991,3353,0
1.474,-2.1948,3397,0
1.477,-2.1904,3401,0
1.482,-2.186,3378,0
1.473,-2.1817,3404,0
1.479,-2.1773,3373,0
1.473,-2.1729,3348,0
1.485,-2.1686,3413,0
1.483,-2.1642,3337,0
1.484,-2.1598,3384,0
1.483,-2.1555,3399,0
1.49,-2.1511,3377,0
1.483,-2.1468,3397,0
1.493,-2.1424,3383,0
1.486,-2.138,3349,0
1.489,-2.1337,3367,0
1.493,-2.1293,3412,0
1.48,-2.1249,3398,0
1.481,-2.1206,3440,0
1.507,-2.1162,3400,0
1.49,-2.1118,3401,0
1.494,-2.1075,3403,0
1.508,-2.1031,3430,0
1.495,-2.0988,3395,0
1.508,-2.0944,3415,0
1.506,-2.09,3436,0
1.505,-2.0857,3394,0
1.508,-2.0813,3360,0
1.509,-2.0769,3358,0
1.512,-2.0726,3332,0
1.514,-2.0682,3389,0
1.509,-2.0639,3376,0
1.516,-2.0595,3349,0
1.497,-2.0551,3380,0
1.501,-2.0508,3340,0
1.522,-2.0464,3338,0
1.502,-2.042,3349,0
1.529,-2.0377,3401,0
1.521,-2.0333,3319,0
1.527,-2.0289,3403,0
1.524,-2.0246,3365,0
1.525,-2.0202,3351,0
1.536,-2.0159,3367,0
1.535,-2.0115,3319,0
1.535,-2.0071,3362,0
1.535,-2.0028,3367,0
1.545,-1.9984,3354,0
1.538,-1.994,3306,0
1.547,-1.9897,3358,0
1.545,-1.9853,3313,0
1.544,-1.9809,3368,0
1.541,-1.9766,3340,0
1.549,-1.9722,3364,0
1.559,-1.9679,3366,0
1.558,-1.9635,3334,0
1.569,-1.9591,3297,0
1.559,-1.9548,3328,0
1.557,-1.9504,3383,0
1.575,-1.946,3312,0
1.577,-1.9417,3369,0
1.572,-1.9373,3322,0
1.573,-1.933,3299,0
1.581,-1.9286,3310,0
1.587,-1.9242,3314,0
1.582,-1.9199,3318,0
1.6,-1.9155,3324,0
1.597,-1.9111,3366,0
1.615,-1.9068,3308,0
1.633,-1.9024,3287,0
1.667,-1.898,3105,0
1.687,-1.8937,3085,0
1.694,-1.8893,2867,0
0.432,-1.885,4490,0
0.385,-1.8806,3637,0
0.363,-1.8762,3385,0
0.351,-1.8719,3397,0
0.359,-1.8675,3460,0
0.346,-1.8631,3458,0
0.343,-1.8588,3460,0
0.353,-1.8544,3463,0
0.338,-1.85,3459,0
0.343,-1.8457,3429,0
0.337,-1.8413,3377,0
0.328,-1.837,3276,0
0.32,-1.8326,3329,0
0.331,-1.8282,3387,0
0.326,-1.8239,3364,0
0.315,-1.8195,3442,0
0.328,-1.8151,3435,0
0.331,-1.8108,3478,0
0.324,-1.8064,3502,0
0.333,-1.8021,3501,0
0.328,-1.7977,3581,0
0.336,-1.7933,3535,0
0.329,-1.789,3540,0
0.323,-1.7846,3546,0
0.331,-1.7802,3561,0
0.325,-1.7759,3527,0
0.331,-1.7715,3514,0
0.313,-1.7671,3514,0
0.325,-1.7628,3501,0
0.339,-1.7584,3513,0
0.314,-1.7541,3531,0
0.333,-1.7497,3553,0
0.33,-1.7453,3512,0
0.324,-1.741,3551,0
0.323,-1.7366,3483,0
0.325,-1.7322,3511,0
0.319,-1.7279,3476,0
0.325,-1.7235,3465,0
0.325,-1.7191,3438,0
0.323,-1.7148,3442,0
0.329,-1.7104,3468,0
0.325,-1.7061,3482,0
0.32,-1.7017,3476,0
0.323,-1.6973,3459,0
0.318,-1.693,3501,0
0.322,-1.6886,3466,0
0.322,-1.6842,3484,0
0.33,-1.6799,3457,0
0.33,-1.6755,3438,0
0.321,-1.6712,3392,0
0.325,-1.6668,3444,0
0.334,-1.6624,3466,0
0.333,-1.6581,3487,0
0.335,-1.6537,3515,0
0.336,-1.6493,3507,0
0.316,-1.645,3531,0
0.317,-1.6406,3493,0
0.334,-1.6362,3490,0
0.339,-1.6319,3538,0
0.33,-1.6275,3519,0
0.344,-1.6232,3521,0
0.337,-1.6188,3578,0
0.337,-1.6144,3559,0
0.345,-1.6101,3560,0
0.345,-1.6057,3545,0
0.333,-1.6013,3571,0
0.351,-1.597,3515,0
0.344,-1.5926,3492,0
0.338,-1.5882,3490,0
0.352,-1.5839,3484,0
0.352,-1.5795,3484,0
0.35,-1.5752,3479,0
0.352,-1.5708,3522,0
0.341,-1.5664,3438,0
0.343,-1.5621,3440,0
0.351,-1.5577,3428,0
0.363,-1.5533,3382,0
0.359,-1.549,3395,0
0.376,-1.5446,3457,0
0.374,-1.5403,3496,0
0.379,-1.5359,3476,0
0.382,-1.5315,3537,0
0.402,-1.5272,3971,0
2.147,-1.5228,2236,0
2.168,-1.5184,2807,0
2.12,-1.5141,3025,0
2.101,-1.5097,2947,0
2.107,-1.5053,2924,0
2.128,-1.501,2939,0
2.126,-1.4966,2924,0
2.134,-1.4923,2881,0
2.13,-1.4879,2909,0
2.144,-1.4835,2898,0
2.162,-1.4792,2869,0
2.174,-1.4748,2891,0
2.189,-1.4704,2871,0
2.191,-1.4661,2830,0
2.215,-1.4617,2851,0
2.219,-1.4573,2852,0
2.23,-1.453,2852,0
2.251,-1.4486,2819,0
2.257,-1.4443,2795,0
2.27,-1.4399,2813,0
2.289,-1.4355,2773,0
2.286,-1.4312,2809,0
2.31,-1.4268,2800,0
2.303,-1.4224,2823,0
2.307,-1.4181,2827,0
2.302,-1.4137,2861,0
2.2,-1.4094,3062,0
2.071,-1.405,3248,0
2.053,-1.4006,3138,0
2.06,-1.3963,3179,0
2.044,-1.3919,3079,0
2.045,-1.3875,2966,0
2.044,-1.3832,2860,0
2.028,-1.3788,2936,0
2.017,-1.3744,3216,0
2.011,-1.3701,3279,0
2.012,-1.3657,3164,0
2.005,-1.3614,3165,0
2.003,-1.357,3155,0
1.988,-1.3526,3199,0
1.984,-1.3483,3154,0
1.979,-1.3439,3110,0
1.969,-1.3395,3024,0
1.984,-1.3352,2910,0
2.053,-1.3308,3191,0
2.67,-1.3265,1703,0
2.578,-1.3221,1431,0
2.642,-1.3177,789,0
2.7,-1.3134,450,0
2.722,-1.309,608,0
2.728,-1.3046,452,0
2.736,-1.3003,474,0
2.75,-1.2959,512,0
2.793,-1.2915,708,0
2.816,-1.2872,702,0
2.825,-1.2828,578,0
2.861,-1.2785,440,0
2.862,-1.2741,407,0
2.822,-1.2697,1901,0
2.843,-1.2654,1194,0
2.897,-1.261,669,0
2.904,-1.2566,1165,0
2.889,-1.2523,2110,0
2.894,-1.2479,1484,0
2.956,-1.2435,748,0
3.037,-1.2392,405,0
3.072,-1.2348,343,0
3.088,-1.2305,453,0
3.127,-1.2261,392,0
3.14,-1.2217,513,0
3.159,-1.2174,539,0
3.12,-1.213,1445,0
3.124,-1.2086,2024,0
3.156,-1.2043,1107,0
3.175,-1.1999,2087,0
3.131,-1.1956,2910,0
3.131,-1.1912,3052,0
3.136,-1.1868,3100,0
3.138,-1.1825,3030,0
3.153,-1.1781,2919,0
3.151,-1.1737,2920,0
3.173,-1.1694,2921,0
3.17,-1.165,2923,0
3.133,-1.1606,2829,0
3.091,-1.1563,2722,0
3.085,-1.1519,2740,0
3.1,-1.1476,2751,0
3.169,-1.1432,2932,0
3.286,-1.1388,2840,0
3.36,-1.1345,2588,0
3.506,-1.1301,1492,0
3.635,-1.1257,1001,0
3.683,-1.1214,1665,0
3.733,-1.117,169,0
1.317,-1.1126,3099,0
1.301,-1.1083,3145,0
1.308,-1.1039,3174,0
1.285,-1.0996,3141,0
1.266,-1.0952,3204,0
1.263,-1.0908,3198,0
1.266,-1.0865,3202,0
1.252,-1.0821,3187,0
1.243,-1.0777,3238,0
1.244,-1.0734,3215,0
1.221,-1.069,3195,0
1.213,-1.0647,3199,0
1.22,-1.0603,3176,0
1.196,-1.0559,3180,0
1.192,-1.0516,3230,0
1.19,-1.0472,3157,0
1.177,-1.0428,3186,0
1.173,-1.0385,3188,0
1.174,-1.0341,3099,0
1.196,-1.0297,3023,0
1.207,-1.0254,3002,0
1.209,-1.021,2999,0
1.234,-1.0167,2972,0
1.256,-1.0123,2874,0
1.282,-1.0079,2847,0
1.317,-1.0036,2866,0
1.322,-0.9992,3025,0
1.353,-0.99484,2994,0
1.368,-0.99047,2983,0
1.386,-0.98611,2902,0
1.419,-0.98175,2916,0
1.449,-0.97738,2851,0
1.469,-0.97302,2900,0
1.497,-0.96866,2925,0
1.523,-0.96429,2877,0
1.536,-0.95993,2829,0
1.584,-0.95557,2949,0
1.587,-0.9512,2929,0
1.624,-0.94684,2830,0
1.681,-0.94248,2932,0
1.703,-0.93811,3179,0
1.723,-0.93375,3350,0
1.728,-0.92939,3482,0
1.724,-0.92502,3499,0
1.727,-0.92066,3482,0
1.726,-0.9163,3523,0
1.724,-0.91193,3452,0
1.704,-0.90757,3402,0
1.696,-0.90321,3416,0
1.694,-0.89884,3448,0
1.667,-0.89448,3499,0
1.659,-0.89012,3499,0
1.655,-0.88575,3504,0
1.66,-0.88139,3488,0
1.655,-0.87703,3455,0
1.633,-0.87266,3513,0
1.628,-0.8683,3516,0
1.622,-0.86394,3483,0
1.599,-0.85957,3570,0
1.597,-0.85521,3592,0
1.601,-0.85085,3584,0
1.586,-0.84648,3664,0
1.592,-0.84212,3615,0
1.583,-0.83776,3650,0
1.571,-0.83339,3605,0
1.564,-0.82903,3566,0
1.553,-0.82467,3597,0
1.563,-0.8203,3586,0
1.549,-0.81594,3615,0
1.551,-0.81158,3621,0
1.539,-0.80721,3599,0
1.533,-0.80285,3581,0
1.509,-0.79849,3637,0
1.494,-0.79412,3659,0
1.514,-0.78976,3640,0
1.506,-0.7854,3704,0
1.498,-0.78103,3688,0
1.5,-0.77667,3688,0
1.487,-0.77231,3646,0
1.495,-0.76794,3704,0
1.486,-0.76358,3695,0
1.486,-0.75922,3703,0
1.478,-0.75485,3709,0
1.459,-0.75049,3815,0
1.458,-0.74613,3797,0
1.448,-0.74176,3787,0
1.46,-0.7374,3793,0
1.452,-0.73304,3817,0
1.44,-0.72867,3767,0
1.436,-0.72431,3781,0
1.424,-0.71995,3817,0
1.42,-0.71558,3814,0
1.418,-0.71122,3805,0
1.423,-0.70686,3764,0
1.426,-0.7025,3788,0
1.41,-0.69813,3733,0
1.404,-0.69377,3772,0
1.397,-0.68941,3818,0
1.401,-0.68504,3731,0
1.404,-0.68068,3685,0
1.394,-0.67632,3736,0
1.386,-0.67195,3760,0
1.379,-0.66759,3828,0
1.381,-0.66323,3842,0
1.374,-0.65886,3861,0
1.369,-0.6545,3830,0
1.377,-0.65014,3823,0
1.358,-0.64577,3857,0
1.366,-0.64141,3771,0
1.335,-0.63705,3844,0
1.356,-0.63268,3904,0
1.346,-0.62832,3937,0
1.349,-0.62396,3948,0
1.35,-0.61959,3976,0
1.338,-0.61523,3962,0
1.342,-0.61087,3990,0
1.332,-0.6065,3982,0
1.333,-0.60214,3972,0
1.335,-0.59778,3924,0
1.317,-0.59341,3957,0
1.319,-0.58905,3963,0
1.321,-0.58469,4021,0
1.322,-0.58032,3970,0
1.319,-0.57596,3948,0
1.316,-0.5716,4008,0
1.3,-0.56723,4015,0
1.303,-0.56287,3930,0
1.305,-0.55851,3925,0
1.291,-0.55414,3845,0
1.282,-0.54978,3905,0
1.297,-0.54542,3929,0
1.295,-0.54105,3931,0
1.292,-0.53669,3940,0
1.289,-0.53233,4072,0
1.275,-0.52796,4101,0
1.27,-0.5236,4090,0
1.264,-0.51924,4009,0
1.27,-0.51487,4081,0
1.262,-0.51051,4101,0
1.256,-0.50615,4011,0
1.261,-0.50178,4031,0
1.258,-0.49742,4071,0
1.25,-0.49306,4066,0
1.244,-0.48869,3957,0
1.248,-0.48433,3942,0
1.248,-0.47997,4042,0
1.231,-0.4756,4051,0
1.23,-0.47124,4031,0
1.24,-0.46688,4066,0
1.236,-0.46251,4010,0
1.232,-0.45815,4030,0
1.234,-0.45379,4000,0
1.231,-0.44942,4068,0
1.229,-0.44506,4024,0
1.23,-0.4407,4005,0
1.222,-0.43633,4040,0
1.22,-0.43197,4045,0
1.221,-0.42761,4081,0
1.213,-0.42324,4114,0
1.212,-0.41888,4236,0
1.218,-0.41452,4220,0
1.21,-0.41015,4232,0
1.205,-0.40579,4262,0
1.206,-0.40143,4224,0
1.213,-0.39706,4209,0
1.182,-0.3927,4216,0
1.194,-0.38834,4214,0
1.193,-0.38397,4175,0
1.2,-0.37961,4183,0
1.188,-0.37525,4232,0
1.19,-0.37088,4171,0
1.194,-0.36652,4215,0
1.186,-0.36216,4172,0
1.183,-0.35779,4180,0
1.188,-0.35343,4165,0
1.183,-0.34907,4164,0
1.18,-0.3447,4143,0
1.175,-0.34034,4238,0
1.18,-0.33598,4155,0
1.164,-0.33161,4236,0
1.168,-0.32725,4225,0
1.177,-0.32289,4171,0
1.159,-0.31852,4128,0
1.164,-0.31416,4094,0
1.173,-0.3098,4147,0
1.165,-0.30543,4112,0
1.168,-0.30107,4119,0
1.163,-0.29671,4063,0
1.165,-0.29234,4060,0
1.153,-0.28798,4122,0
1.162,-0.28362,4132,0
1.16,-0.27925,4220,0
1.154,-0.27489,4256,0
1.158,-0.27053,4191,0
1.157,-0.26616,4023,0
1.165,-0.2618,3956,0
1.163,-0.25744,3985,0
1.16,-0.25307,3987,0
1.164,-0.24871,4017,0
1.142,-0.24435,4028,0
1.14,-0.23998,3972,0
1.151,-0.23562,3893,0
1.148,-0.23126,3978,0
1.15,-0.22689,3983,0
1.135,-0.22253,4044,0
1.092,-0.21817,4081,1
1.032,-0.2138,4053,1
1.003,-0.20944,3982,1
0.992,-0.20508,3762,1
0.978,-0.20071,3765,1
0.979,-0.19635,3722,1
0.974,-0.19199,3726,1
0.958,-0.18762,3798,1
0.947,-0.18326,3791,1
0.957,-0.1789,3753,1
0.952,-0.17453,3758,1
0.949,-0.17017,3759,1
0.948,-0.16581,3769,1
0.933,-0.16144,3803,1
0.932,-0.15708,3796,1
0.941,-0.15272,3885,1
0.955,-0.14835,3897,1
0.934,-0.14399,3830,1
0.934,-0.13963,3805,1
0.946,-0.13526,3814,1
0.941,-0.1309,3824,1
0.941,-0.12654,3855,1
0.941,-0.12217,3817,1
0.934,-0.11781,3814,1
0.93,-0.11345,3857,1
0.94,-0.10908,3823,1
0.94,-0.10472,3852,1
0.94,-0.10036,3922,1
0.944,-0.095993,3870,1
0.936,-0.09163,3892,1
0.943,-0.087266,3885,1
0.94,-0.082903,3922,1
0.948,-0.07854,3892,1
0.932,-0.074176,3939,1
0.943,-0.069813,3954,1
0.944,-0.06545,3918,1
0.933,-0.061087,3910,1
0.942,-0.056723,3908,1
0.942,-0.05236,3924,1
0.938,-0.047997,3913,1
0.942,-0.043633,3933,1
0.932,-0.03927,3928,1
0.956,-0.034907,3804,1
0.94,-0.030543,3881,1
0.917,-0.02618,3903,1
0.942,-0.021817,3807,1
0.943,-0.017453,3879,1
0.944,-0.01309,3837,1
0.943,-0.0087266,3855,1
0.942,-0.0043633,3818,1
0.932,0,3849,1
0.953,0.0043633,3889,1
0.947,0.0087266,4066,1
0.95,0.01309,4129,1
0.949,0.017453,4063,1
0.954,0.021817,3897,1
0.978,0.02618,3851,1
0.974,0.030543,3891,1
0.98,0.034907,3899,1
0.993,0.03927,3857,1
1.01,0.043633,3836,1
1.011,0.047997,3812,1
1.019,0.05236,3830,1
1.033,0.056723,3828,1
1.043,0.061087,3752,1
1.05,0.06545,3768,1
1.093,0.069813,3940,1
1.145,0.074176,4079,0
1.152,0.07854,4141,0
1.16,0.082903,4194,0
1.156,0.087266,4131,0
1.146,0.09163,4179,0
1.153,0.095993,4199,0
1.163,0.10036,4178,0
1.149,0.10472,4213,0
1.146,0.10908,4219,0
1.162,0.11345,4080,0
1.157,0.11781,4018,0
1.143,0.12217,4078,0
1.148,0.12654,4097,0
1.162,0.1309,4059,0
1.157,0.13526,4087,0
1.178,0.13963,4056,0
1.183,0.14399,3981,0
1.162,0.14835,3983,0
1.161,0.15272,4097,0
1.17,0.15708,4060,0
1.18,0.16144,4128,0
1.175,0.16581,4173,0
1.177,0.17017,4112,0
1.186,0.17453,3992,0
1.188,0.1789,4084,0
1.18,0.18326,4015,0
1.188,0.18762,3972,0
1.185,0.19199,3960,0
1.171,0.19635,4089,0
1.179,0.20071,3978,0
1.201,0.20508,3947,0
1.201,0.20944,4005,0
1.203,0.2138,3907,0
1.209,0.21817,3992,0
1.215,0.22253,3995,0
1.2,0.22689,4027,0
1.215,0.23126,4007,0
1.201,0.23562,3913,0
1.22,0.23998,3912,0
1.219,0.24435,4012,0
1.219,0.24871,3956,0
1.224,0.25307,3834,0
1.223,0.25744,3866,0
1.227,0.2618,3816,0
1.235,0.26616,3795,0
1.23,0.27053,3888,0
1.214,0.27489,3922,0
1.22,0.27925,3826,0
1.248,0.28362,3753,0
1.247,0.28798,3762,0
1.242,0.29234,3746,0
1.257,0.29671,3852,0
1.251,0.30107,3981,0
1.244,0.30543,3985,0
1.248,0.3098,3878,0
1.247,0.31416,3866,0
1.255,0.31852,3881,0
1.256,0.32289,3922,0
1.261,0.32725,3883,0
1.247,0.33161,3897,0
1.264,0.33598,3840,0
1.27,0.34034,3907,0
1.26,0.3447,3918,0
1.265,0.34907,3946,0
1.265,0.35343,3895,0
1.256,0.35779,3873,0
1.282,0.36216,3805,0
1.279,0.36652,3890,0
1.28,0.37088,3945,0
1.276,0.37525,3834,0
1.288,0.37961,3818,0
1.292,0.38397,3831,0
1.286,0.38834,3814,0
1.292,0.3927,3812,0
1.29,0.39706,3934,0
1.297,0.40143,3913,0
1.304,0.40579,3931,0
1.301,0.41015,4023,0
1.307,0.41452,3954,0
1.309,0.41888,4015,0
1.306,0.42324,3940,0
1.307,0.42761,3914,0
1.309,0.43197,3981,0
1.322,0.43633,3952,0
1.311,0.4407,3854,0
1.329,0.44506,3738,0
1.338,0.44942,3650,0
1.331,0.45379,3666,0
1.34,0.45815,3705,0
1.346,0.46251,3790,0
1.344,0.46688,3814,0
1.34,0.47124,3814,0
1.358,0.4756,3795,0
1.364,0.47997,3884,0
1.37,0.48433,3846,0
1.367,0.48869,3856,0
1.363,0.49306,3842,0
1.368,0.49742,3866,0
1.361,0.50178,3850,0
1.364,0.50615,3823,0
1.379,0.51051,3763,0
1.391,0.51487,3776,0
1.386,0.51924,3806,0
1.385,0.5236,3745,0
1.394,0.52796,3820,0
1.394,0.53233,3753,0
1.396,0.53669,3744,0
1.404,0.54105,3694,0
1.41,0.54542,3739,0
1.418,0.54978,3785,0
1.414,0.55414,3688,0
1.431,0.55851,3694,0
1.432,0.56287,3730,0
1.422,0.56723,3698,0
1.441,0.5716,3652,0
1.43,0.57596,3697,0
1.424,0.58032,3735,0
1.453,0.58469,3736,0
1.454,0.58905,3770,0
1.456,0.59341,3730,0
1.461,0.59778,3765,0
1.448,0.60214,3750,0
1.463,0.6065,3715,0
1.461,0.61087,3765,0
1.453,0.61523,3712,0
1.458,0.61959,3731,0
1.472,0.62396,3668,0
1.486,0.62832,3694,0
1.503,0.63268,3675,0
1.512,0.63705,3718,0
1.517,0.64141,3696,0
1.509,0.64577,3696,0
1.521,0.65014,3633,0
1.53,0.6545,3493,0
1.518,0.65886,3509,0
1.524,0.66323,3403,0
1.557,0.66759,3438,0
1.552,0.67195,3384,0
1.551,0.67632,3379,0
1.567,0.68068,3424,0
1.583,0.68504,3453,0
1.58,0.68941,3495,0
1.582,0.69377,3553,0
1.586,0.69813,3550,0
1.602,0.7025,3559,0
1.609,0.70686,3552,0
1.61,0.71122,3521,0
1.624,0.71558,3512,0
1.63,0.71995,3478,0
1.642,0.72431,3457,0
1.65,0.72867,3466,0
1.659,0.73304,3495,0
1.647,0.7374,3467,0
1.66,0.74176,3441,0
1.681,0.74613,3437,0
1.685,0.75049,3386,0
1.703,0.75485,3538,0
1.702,0.75922,3510,0
1.703,0.76358,3511,0
1.705,0.76794,3489,0
1.719,0.77231,3512,0
1.728,0.77667,3451,0
1.721,0.78103,3417,0
1.74,0.7854,3451,0
1.742,0.78976,3357,0
1.753,0.79412,3411,0
1.776,0.79849,3396,0
1.782,0.80285,3384,0
1.778,0.80721,3387,0
1.783,0.81158,3393,0
1.788,0.81594,3296,0
1.808,0.8203,3330,0
1.815,0.82467,3330,0
1.833,0.82903,3296,0
1.83,0.83339,3377,0
1.837,0.83776,3391,0
1.859,0.84212,3366,0
1.86,0.84648,3428,0
1.873,0.85085,3373,0
1.885,0.85521,3367,0
1.892,0.85957,3385,0
1.892,0.86394,3348,0
1.909,0.8683,3388,0
1.921,0.87266,3381,0
1.922,0.87703,3320,0
1.93,0.88139,3335,0
1.933,0.88575,3250,0
1.949,0.89012,3242,0
1.967,0.89448,3329,0
1.975,0.89884,3321,0
2.001,0.90321,3332,0
2.011,0.90757,3360,0
2.018,0.91193,3288,0
2.031,0.9163,3263,0
2.052,0.92066,3292,0
2.066,0.92502,3292,0
2.069,0.92939,3283,0
2.079,0.93375,3324,0
2.103,0.93811,3273,0
2.115,0.94248,3260,0
2.125,0.94684,3238,0
2.13,0.9512,3187,0
2.154,0.95557,3192,0
2.168,0.95993,3175,0
2.181,0.96429,3164,0
2.195,0.96866,3179,0
2.198,0.97302,3174,0
2.207,0.97738,3136,0
2.251,0.98175,3168,0
2.251,0.98611,3130,0
2.27,0.99047,3086,0
2.297,0.99484,3029,0
2.317,0.9992,3073,0
2.337,1.0036,3116,0
2.366,1.0079,3073,0
2.392,1.0123,3089,0
2.402,1.0167,3078,0
2.422,1.021,3082,0
2.436,1.0254,3103,0
2.461,1.0297,3090,0
2.482,1.0341,3034,0
2.491,1.0385,3062,0
2.507,1.0428,3059,0
2.528,1.0472,3087,0
2.555,1.0516,3033,0
2.598,1.0559,3044,0
2.619,1.0603,3047,0
2.627,1.0647,3089,0
2.655,1.069,3048,0
2.704,1.0734,2977,0
2.732,1.0777,3004,0
2.748,1.0821,2993,0
2.782,1.0865,2996,0
2.786,1.0908,2997,0
2.82,1.0952,2954,0
2.837,1.0996,2965,0
2.859,1.1039,2940,0
2.888,1.1083,2913,0
2.913,1.1126,2918,0
2.939,1.117,2957,0
2.971,1.1214,2944,0
2.995,1.1257,2987,0
3.02,1.1301,2980,0
3.062,1.1345,2914,0
3.099,1.1388,2893,0
3.155,1.1432,2943,0
3.174,1.1476,2992,0
3.23,1.1519,2979,0
3.298,1.1563,2968,0
3.351,1.1606,2913,0
3.412,1.165,2886,0
3.44,1.1694,2884,0
3.501,1.1737,2815,0
3.563,1.1781,2788,0
3.593,1.1825,2835,0
3.273,1.1868,2886,0
3.087,1.1912,1528,0
3.049,1.1956,1458,0
3.051,1.1999,2395,0
3.182,1.2043,3425,0
3.189,1.2086,3492,0
3.195,1.213,3146,0
3.175,1.2174,2766,0
3.15,1.2217,2494,0
3.147,1.2261,2556,0
3.134,1.2305,2542,0
3.087,1.2348,2409,0
3.088,1.2392,2227,0
3.095,1.2435,2280,0
3.102,1.2479,2078,0
3.174,1.2523,2238,0
3.178,1.2566,2047,0
3.171,1.261,1946,0
3.164,1.2654,1897,0
3.169,1.2697,1941,0
3.171,1.2741,2160,0
3.162,1.2785,2158,0
3.129,1.2828,1984,0
3.139,1.2872,2168,0
3.223,1.2915,1867,0
3.281,1.2959,1753,0
3.303,1.3003,1739,0
3.33,1.3046,1821,0
3.364,1.309,1751,0
3.373,1.3134,1479,0
3.351,1.3177,1562,0
3.359,1.3221,2034,0
3.339,1.3265,1821,0
3.443,1.3308,2273,0
3.473,1.3352,2368,0
3.413,1.3395,2142,0
3.372,1.3439,2035,0
3.381,1.3483,1920,0
3.401,1.3526,2168,0
3.421,1.357,2345,0
3.422,1.3614,2415,0
3.44,1.3657,2458,0
3.444,1.3701,2482,0
3.452,1.3744,2447,0
3.502,1.3788,2598,0
3.513,1.3832,2685,0
3.507,1.3875,2468,0
3.388,1.3919,1644,0
3.4,1.3963,1649,0
3.383,1.4006,2074,0
3.377,1.405,2244,0
3.386,1.4094,2133,0
3.41,1.4137,1983,0
3.431,1.4181,2174,0
3.412,1.4224,2173,0
3.463,1.4268,2267,0
3.495,1.4312,2351,0
3.842,1.4355,2279,0
3.962,1.4399,2282,0
3.95,1.4443,2319,0
3.922,1.4486,2329,0
3.905,1.453,2420,0
3.881,1.4573,2428,0
3.872,1.4617,2418,0
3.856,1.4661,2480,0
3.842,1.4704,2434,0
3.816,1.4748,2505,0
3.81,1.4792,2436,0
3.788,1.4835,2466,0
3.769,1.4879,2472,0
3.758,1.4923,2476,0
3.742,1.4966,2453,0
3.711,1.501,2448,0
3.703,1.5053,2469,0
3.696,1.5097,2484,0
3.67,1.5141,2493,0
3.671,1.5184,2462,0
3.649,1.5228,2536,0
3.616,1.5272,2497,0
3.614,1.5315,2493,0
3.599,1.5359,2468,0
3.591,1.5403,2500,0
3.572,1.5446,2495,0
3.568,1.549,2515,0
3.553,1.5533,2496,0
3.536,1.5577,2459,0
3.526,1.5621,2541,0
3.511,1.5664,2482,0
3.494,1.5708,2519,0
3.48,1.5752,2469,0
3.464,1.5795,2500,0
3.463,1.5839,2508,0
3.443,1.5882,2475,0
3.431,1.5926,2501,0
3.425,1.597,2505,0
3.402,1.6013,2480,0
3.393,1.6057,2496,0
3.37,1.6101,2541,0
3.373,1.6144,2577,0
3.355,1.6188,2553,0
3.35,1.6232,2545,0
3.347,1.6275,2548,0
3.33,1.6319,2550,0
3.319,1.6362,2539,0
3.306,1.6406,2547,0
3.297,1.645,2520,0
3.297,1.6493,2532,0
3.28,1.6537,2483,0
3.266,1.6581,2511,0
3.264,1.6624,2461,0
3.258,1.6668,2555,0
3.237,1.6712,2529,0
3.224,1.6755,2484,0
3.226,1.6799,2527,0
3.208,1.6842,2551,0
3.207,1.6886,2576,0
3.182,1.693,2551,0
3.17,1.6973,2570,0
3.173,1.7017,2558,0
3.17,1.7061,2539,0
3.161,1.7104,2543,0
3.145,1.7148,2538,0
3.147,1.7191,2585,0
3.134,1.7235,2565,0
3.124,1.7279,2573,0
3.12,1.7322,2605,0
3.107,1.7366,2573,0
3.103,1.741,2566,0
3.091,1.7453,2579,0
3.078,1.7497,2578,0
3.075,1.7541,2622,0
3.064,1.7584,2625,0
3.056,1.7628,2589,0
3.037,1.7671,2651,0
3.032,1.7715,2683,0
3.05,1.7759,2636,0
3.032,1.7802,2668,0
3.028,1.7846,2647,0
3.019,1.789,2672,0
3.004,1.7933,2670,0
3.011,1.7977,2657,0
2.997,1.8021,2710,0
2.988,1.8064,2633,0
2.985,1.8108,2664,0
2.977,1.8151,2690,0
2.966,1.8195,2671,0
2.974,1.8239,2682,0
2.96,1.8282,2687,0
2.949,1.8326,2678,0
2.952,1.837,2667,0
2.93,1.8413,2674,0
2.927,1.8457,2651,0
2.915,1.85,2710,0
2.918,1.8544,2709,0
2.917,1.8588,2719,0
2.909,1.8631,2700,0
2.902,1.8675,2683,0
2.902,1.8719,2688,0
2.892,1.8762,2692,0
2.892,1.8806,2725,0
2.887,1.885,2705,0
2.879,1.8893,2683,0
2.872,1.8937,2711,0
2.862,1.898,2710,0
2.87,1.9024,2690,0
2.857,1.9068,2680,0
2.842,1.9111,2722,0
2.851,1.9155,2721,0
2.844,1.9199,2722,0
2.84,1.9242,2753,0
2.831,1.9286,2721,0
2.841,1.933,2700,0
2.838,1.9373,2735,0
2.819,1.9417,2752,0
2.826,1.946,2727,0
2.814,1.9504,2725,0
2.814,1.9548,2725,0
2.804,1.9591,2750,0
2.801,1.9635,2748,0
2.798,1.9679,2715,0
2.8,1.9722,2728,0
2.791,1.9766,2762,0
2.788,1.9809,2699,0
2.796,1.9853,2718,0
2.776,1.9897,2708,0
2.78,1.994,2746,0
2.782,1.9984,2757,0
2.755,2.0028,2790,0
2.756,2.0071,2717,0
2.769,2.0115,2711,0
2.758,2.0159,2768,0
2.768,2.0202,2774,0
2.754,2.0246,2756,0
2.757,2.0289,2728,0
2.754,2.0333,2733,0
2.752,2.0377,2732,0
2.735,2.042,2763,0
2.75,2.0464,2743,0
2.745,2.0508,2773,0
2.735,2.0551,2823,0
2.739,2.0595,2747,0
2.723,2.0639,2758,0
2.726,2.0682,2800,0
2.73,2.0726,2793,0
2.717,2.0769,2766,0
2.706,2.0813,2791,0
2.709,2.0857,2800,0
2.729,2.09,2785,0
2.71,2.0944,2787,0
2.708,2.0988,2816,0
2.719,2.1031,2763,0
2.706,2.1075,2770,0
2.688,2.1118,2760,0
2.695,2.1162,2785,0
2.705,2.1206,2786,0
2.701,2.1249,2813,0
2.71,2.1293,2791,0
2.692,2.1337,2789,0
2.697,2.138,2781,0
2.697,2.1424,2772,0
2.691,2.1468,2783,0
2.699,2.1511,2800,0
2.685,2.1555,2738,0
2.678,2.1598,2759,0
2.671,2.1642,2812,0
2.692,2.1686,2814,0
2.687,2.1729,2780,0
2.694,2.1773,2801,0
2.696,2.1817,2798,0
2.691,2.186,2807,0
2.682,2.1904,2820,0
2.692,2.1948,2821,0
2.685,2.1991,2804,0
2.673,2.2035,2789,0
2.677,2.2078,2781,0
2.696,2.2122,2724,0
2.752,2.2166,2210,0
2.704,2.2209,2753,0
2.683,2.2253,2805,0
2.683,2.2297,2811,0
2.679,2.234,2809,0
2.663,2.2384,2813,0
2.669,2.2427,2783,0
2.671,2.2471,2779,0
2.681,2.2515,2796,0
2.679,2.2558,2764,0
2.672,2.2602,2806,0
2.682,2.2646,2780,0
2.673,2.2689,2759,0
2.681,2.2733,2803,0
2.679,2.2777,2812,0
2.684,2.282,2819,0
2.681,2.2864,2814,0
2.684,2.2907,2801,0
2.687,2.2951,2774,0
2.676,2.2995,2826,0
2.687,2.3038,2788,0
2.69,2.3082,2777,0
2.685,2.3126,2789,0
2.672,2.3169,2869,0
2.669,2.3213,2798,0
2.686,2.3257,2773,0
2.678,2.33,2777,0
2.695,2.3344,2799,0
2.699,2.3387,2721,0
2.686,2.3431,2793,0
2.692,2.3475,2788,0
2.69,2.3518,2738,0
2.687,2.3562,2747,0
