4.861,-2.3562,1989,0
4.862,-2.3518,1850,0
4.83,-2.3475,1799,0
4.811,-2.3431,1855,0
4.771,-2.3387,2215,0
4.745,-2.3344,2264,0
4.717,-2.33,2356,0
4.694,-2.3257,2363,0
4.667,-2.3213,2343,0
4.651,-2.3169,2363,0
4.633,-2.3126,2436,0
4.61,-2.3082,2426,0
4.589,-2.3038,2417,0
4.573,-2.2995,2443,0
4.555,-2.2951,2409,0
4.533,-2.2907,2404,0
4.5,-2.2864,2435,0
4.493,-2.282,2484,0
4.477,-2.2777,2513,0
4.446,-2.2733,2530,0
4.439,-2.2689,2516,0
4.4,-2.2646,2490,0
4.401,-2.2602,2533,0
4.382,-2.2558,2560,0
4.357,-2.2515,2590,0
4.324,-2.2471,2599,0
4.32,-2.2427,2615,0
4.308,-2.2384,2616,0
4.287,-2.234,2599,0
4.27,-2.2297,2574,0
4.246,-2.2253,2580,0
4.244,-2.2209,2491,0
4.231,-2.2166,2391,0
4.221,-2.2122,2376,0
4.197,-2.2078,2360,0
4.19,-2.2035,2365,0
4.159,-2.1991,2346,0
4.141,-2.1948,2408,0
4.126,-2.1904,2390,0
4.115,-2.186,2349,0
4.105,-2.1817,2405,0
4.078,-2.1773,2426,0
4.073,-2.1729,2409,0
4.063,-2.1686,2442,0
4.05,-2.1642,2496,0
4.029,-2.1598,2476,0
4.026,-2.1555,2442,0
4.005,-2.1511,2445,0
3.98,-2.1468,2511,0
3.983,-2.1424,2441,0
3.96,-2.138,2492,0
3.943,-2.1337,2519,0
3.938,-2.1293,2507,0
3.923,-2.1249,2521,0
3.912,-2.1206,2528,0
3.896,-2.1162,2513,0
3.894,-2.1118,2506,0
3.875,-2.1075,2509,0
3.849,-2.1031,2573,0
3.843,-2.0988,2578,0
3.845,-2.0944,2558,0
3.823,-2.09,2545,0
3.817,-2.0857,2549,0
3.804,-2.0813,2526,0
3.795,-2.0769,2544,0
3.783,-2.0726,2535,0
3.769,-2.0682,2559,0
3.766,-2.0639,2580,0
3.76,-2.0595,2569,0
3.746,-2.0551,2591,0
3.724,-2.0508,2549,0
3.724,-2.0464,2552,0
3.724,-2.042,2553,0
3.702,-2.0377,2597,0
3.69,-2.0333,2595,0
3.678,-2.0289,2571,0
3.652,-2.0246,2606,0
3.667,-2.0202,2614,0
3.664,-2.0159,2592,0
3.647,-2.0115,2622,0
3.634,-2.0071,2610,0
3.631,-2.0028,2613,0
3.619,-1.9984,2598,0
3.613,-1.994,2599,0
3.607,-1.9897,2621,0
3.592,-1.9853,2656,0
3.581,-1.9809,2620,0
3.579,-1.9766,2653,0
3.573,-1.9722,2642,0
3.566,-1.9679,2595,0
3.559,-1.9635,2638,0
3.546,-1.9591,2651,0
3.529,-1.9548,2651,0
3.507,-1.9504,2634,0
3.511,-1.946,2665,0
3.527,-1.9417,2649,0
3.504,-1.9373,2666,0
3.492,-1.933,2673,0
3.433,-1.9286,2745,0
3.39,-1.9242,2515,0
2.841,-1.9199,3295,0
3.327,-1.9155,2451,0
3.529,-1.9111,2588,0
3.442,-1.9068,2681,0
3.463,-1.9024,2666,0
3.448,-1.898,2730,0
3.433,-1.8937,2707,0
3.431,-1.8893,2714,0
3.433,-1.885,2668,0
3.424,-1.8806,2693,0
3.419,-1.8762,2692,0
3.404,-1.8719,2721,0
3.406,-1.8675,2712,0
3.401,-1.8631,2666,0
3.384,-1.8588,2727,0
3.365,-1.8544,2698,0
3.378,-1.85,2722,0
3.367,-1.8457,2726,0
3.372,-1.8413,2714,0
3.359,-1.837,2717,0
3.365,-1.8326,2720,0
3.353,-1.8282,2749,0
3.351,-1.8239,2730,0
3.345,-1.8195,2752,0
3.335,-1.8151,2700,0
3.336,-1.8108,2724,0
3.337,-1.8064,2718,0
3.322,-1.8021,2749,0
3.319,-1.7977,2754,0
3.315,-1.7933,2742,0
3.304,-1.789,2769,0
3.298,-1.7846,2759,0
3.288,-1.7802,2762,0
3.302,-1.7759,2794,0
3.29,-1.7715,2787,0
3.28,-1.7671,2753,0
3.28,-1.7628,2798,0
2.491,-1.7584,4200,0
2.42,-1.7541,4434,0
2.405,-1.7497,4353,0
2.388,-1.7453,4313,0
2.37,-1.741,4139,0
2.361,-1.7366,3805,0
2.376,-1.7322,4055,0
2.383,-1.7279,4200,0
2.394,-1.7235,4254,0
2.472,-1.7191,4290,0
3.32,-1.7148,2771,0
3.245,-1.7104,2834,0
3.185,-1.7061,2926,0
3.181,-1.7017,2881,0
3.21,-1.6973,2879,0
3.228,-1.693,2862,0
3.224,-1.6886,2869,0
3.226,-1.6842,2850,0
3.226,-1.6799,2850,0
3.224,-1.6755,2832,0
3.211,-1.6712,2838,0
3.215,-1.6668,2861,0
3.212,-1.6624,2851,0
3.199,-1.6581,2860,0
3.206,-1.6537,2853,0
3.206,-1.6493,2866,0
3.201,-1.645,2871,0
3.19,-1.6406,2829,0
3.193,-1.6362,2868,0
3.142,-1.6319,2882,0
3.028,-1.6275,2825,0
2.96,-1.6232,2656,0
2.985,-1.6188,2713,0
3.108,-1.6144,2877,0
3.15,-1.6101,2910,0
3.063,-1.6057,2996,0
2.98,-1.6013,3070,0
2.93,-1.597,3175,0
2.923,-1.5926,3306,0
2.925,-1.5882,3392,0
2.915,-1.5839,3494,0
2.934,-1.5795,3683,0
3.005,-1.5752,7000,0
3.008,-1.5708,4485,0
3.007,-1.5664,3658,0
3.021,-1.5621,3505,0
3.028,-1.5577,3383,0
3.041,-1.5533,3233,0
3.084,-1.549,3047,0
3.118,-1.5446,2952,0
3.159,-1.5403,2889,0
3.159,-1.5359,2898,0
3.162,-1.5315,2909,0
3.16,-1.5272,2881,0
3.166,-1.5228,2936,0
3.156,-1.5184,2863,0
3.161,-1.5141,2909,0
3.17,-1.5097,2888,0
3.164,-1.5053,2903,0
3.164,-1.501,2875,0
3.162,-1.4966,2902,0
3.17,-1.4923,2870,0
3.16,-1.4879,2880,0
3.165,-1.4835,2855,0
3.162,-1.4792,2856,0
3.143,-1.4748,2837,0
3.161,-1.4704,2832,0
3.13,-1.4661,2761,0
3.079,-1.4617,2781,0
2.999,-1.4573,2803,0
2.934,-1.453,2803,0
2.897,-1.4486,2818,0
2.936,-1.4443,2920,0
3.067,-1.4399,2872,0
3.12,-1.4355,2801,0
3.164,-1.4312,2762,0
3.17,-1.4268,2827,0
3.167,-1.4224,2822,0
3.179,-1.4181,2806,0
3.187,-1.4137,2795,0
3.176,-1.4094,2787,0
3.19,-1.405,2765,0
3.188,-1.4006,2805,0
3.176,-1.3963,2800,0
3.19,-1.3919,2781,0
3.172,-1.3875,2781,0
3.181,-1.3832,2802,0
3.199,-1.3788,2802,0
3.193,-1.3744,2783,0
3.199,-1.3701,2821,0
3.194,-1.3657,2819,0
3.191,-1.3614,2791,0
3.203,-1.357,2811,0
3.211,-1.3526,2840,0
3.215,-1.3483,2794,0
3.207,-1.3439,2778,0
3.21,-1.3395,2810,0
3.213,-1.3352,2759,0
3.226,-1.3308,2833,0
3.212,-1.3265,2832,0
3.214,-1.3221,2814,0
3.227,-1.3177,2829,0
3.227,-1.3134,2841,0
3.208,-1.309,2864,0
3.211,-1.3046,2830,0
3.243,-1.3003,2813,0
3.252,-1.2959,2836,0
3.241,-1.2915,2789,0
3.25,-1.2872,2789,0
3.245,-1.2828,2808,0
3.246,-1.2785,2813,0
3.257,-1.2741,2790,0
3.261,-1.2697,2682,0
3.259,-1.2654,2714,0
3.263,-1.261,2627,0
3.273,-1.2566,2500,0
3.266,-1.2523,2452,0
3.275,-1.2479,2464,0
3.27,-1.2435,2444,0
3.275,-1.2392,2464,0
3.286,-1.2348,1704,0
3.276,-1.2305,1345,0
3.276,-1.2261,1246,0
3.296,-1.2217,1113,0
3.298,-1.2174,1057,0
3.307,-1.213,1027,0
3.378,-1.2086,939,0
2.361,-1.2043,2665,0
2.306,-1.1999,2901,0
2.254,-1.1956,2892,0
2.225,-1.1912,2858,0
2.22,-1.1868,2876,0
2.221,-1.1825,2828,0
2.22,-1.1781,2878,0
2.222,-1.1737,2839,0
2.224,-1.1694,2830,0
2.236,-1.165,2832,0
2.228,-1.1606,2816,0
2.225,-1.1563,2824,0
2.232,-1.1519,2675,0
2.255,-1.1476,2523,0
2.267,-1.1432,2364,0
2.269,-1.1388,2300,0
2.275,-1.1345,2220,0
2.278,-1.1301,2088,0
2.276,-1.1257,2060,0
2.276,-1.1214,2056,0
2.295,-1.117,2094,0
2.287,-1.1126,2070,0
2.296,-1.1083,2100,0
2.3,-1.1039,2224,0
2.297,-1.0996,2204,0
2.287,-1.0952,2248,0
2.298,-1.0908,2272,0
2.309,-1.0865,2111,0
2.319,-1.0821,2059,0
2.337,-1.0777,2134,0
2.329,-1.0734,2264,0
2.339,-1.069,2066,0
2.34,-1.0647,2128,0
2.345,-1.0603,2354,0
2.34,-1.0559,2388,0
2.36,-1.0516,2418,0
2.348,-1.0472,2520,0
2.354,-1.0428,2647,0
2.359,-1.0385,2715,0
2.363,-1.0341,2780,0
2.36,-1.0297,2846,0
2.366,-1.0254,2957,0
2.348,-1.021,3097,0
2.319,-1.0167,3136,0
2.316,-1.0123,3228,0
2.319,-1.0079,3206,0
2.295,-1.0036,3248,0
2.293,-0.9992,3245,0
2.26,-0.99484,3219,0
2.243,-0.99047,3211,0
2.231,-0.98611,3233,0
2.202,-0.98175,3176,0
2.181,-0.97738,3166,0
2.165,-0.97302,3252,0
2.137,-0.96866,3245,0
2.1,-0.96429,3344,0
2.097,-0.95993,3375,0
2.071,-0.95557,3335,0
2.045,-0.9512,3340,0
2.019,-0.94684,3343,0
2,-0.94248,3328,0
1.98,-0.93811,3311,0
1.944,-0.93375,3416,0
1.933,-0.92939,3402,0
1.93,-0.92502,3369,0
1.906,-0.92066,3404,0
1.878,-0.9163,3433,0
1.856,-0.91193,3381,0
1.849,-0.90757,3431,0
1.828,-0.90321,3476,0
1.798,-0.89884,3433,0
1.78,-0.89448,3437,0
1.772,-0.89012,3500,0
1.754,-0.88575,3552,0
1.735,-0.88139,3479,0
1.712,-0.87703,3424,0
1.685,-0.87266,3453,0
1.683,-0.8683,3531,0
1.676,-0.86394,3532,0
1.641,-0.85957,3511,0
1.63,-0.85521,3563,0
1.626,-0.85085,3570,0
1.611,-0.84648,3563,0
1.599,-0.84212,3599,0
1.596,-0.83776,3600,0
1.58,-0.83339,3605,0
1.564,-0.82903,3631,0
1.559,-0.82467,3609,0
1.545,-0.8203,3585,0
1.526,-0.81594,3529,0
1.515,-0.81158,3573,0
1.506,-0.80721,3560,0
1.488,-0.80285,3623,0
1.482,-0.79849,3618,0
1.472,-0.79412,3681,0
1.457,-0.78976,3662,0
1.447,-0.7854,3639,0
1.44,-0.78103,3680,0
1.436,-0.77667,3705,0
1.422,-0.77231,3759,0
1.393,-0.76794,3822,0
1.41,-0.76358,3840,0
1.404,-0.75922,3763,0
1.382,-0.75485,3835,0
1.376,-0.75049,3887,0
1.371,-0.74613,3865,0
1.347,-0.74176,3882,0
1.345,-0.7374,3923,0
1.349,-0.73304,3870,0
1.339,-0.72867,3821,0
1.324,-0.72431,3858,0
1.312,-0.71995,3854,0
1.311,-0.71558,3769,0
1.311,-0.71122,3818,0
1.292,-0.70686,3843,0
1.287,-0.7025,3884,0
1.29,-0.69813,4001,0
1.272,-0.69377,4088,0
1.262,-0.68941,4187,0
1.251,-0.68504,4178,0
1.262,-0.68068,4177,0
1.244,-0.67632,4150,0
1.242,-0.67195,4228,0
1.231,-0.66759,4187,0
1.221,-0.66323,4083,0
1.217,-0.65886,3987,0
1.228,-0.6545,3884,0
1.219,-0.65014,3976,0
1.21,-0.64577,4037,0
1.195,-0.64141,4203,0
1.203,-0.63705,4264,0
1.196,-0.63268,4287,0
1.192,-0.62832,4201,0
1.163,-0.62396,4284,0
1.177,-0.61959,4304,0
1.164,-0.61523,4251,0
1.159,-0.61087,4166,0
1.141,-0.6065,4236,0
1.138,-0.60214,4304,0
1.135,-0.59778,4336,0
1.135,-0.59341,4142,0
1.141,-0.58905,4066,0
1.136,-0.58469,4221,0
1.135,-0.58032,4429,0
1.118,-0.57596,4590,0
1.115,-0.5716,4459,0
1.113,-0.56723,4401,0
1.113,-0.56287,4419,0
1.1,-0.55851,4333,0
1.101,-0.55414,4277,0
1.096,-0.54978,4229,0
1.075,-0.54542,4197,0
1.087,-0.54105,4143,0
1.091,-0.53669,4290,0
1.067,-0.53233,4496,0
1.054,-0.52796,4555,0
1.061,-0.5236,4578,0
1.058,-0.51924,4725,0
1.063,-0.51487,4738,0
1.061,-0.51051,4689,0
1.053,-0.50615,4562,0
1.064,-0.50178,4475,0
1.047,-0.49742,4389,0
1.015,-0.49306,4357,0
1.017,-0.48869,4337,0
1.041,-0.48433,4378,0
1.02,-0.47997,4354,0
1.026,-0.4756,4247,0
1.007,-0.47124,4269,0
1.001,-0.46688,4297,0
0.996,-0.46251,4411,0
0.982,-0.45815,4357,0
0.985,-0.45379,4449,0
0.978,-0.44942,4405,0
0.992,-0.44506,4468,0
0.972,-0.4407,4415,0
0.968,-0.43633,4484,0
0.966,-0.43197,4384,0
0.974,-0.42761,4476,0
0.977,-0.42324,4472,0
0.973,-0.41888,4531,0
0.957,-0.41452,4614,0
0.964,-0.41015,4506,0
0.962,-0.40579,4492,0
0.964,-0.40143,4473,0
0.949,-0.39706,4510,0
0.952,-0.3927,4467,0
0.942,-0.38834,4482,0
0.941,-0.38397,4405,0
0.921,-0.37961,4454,0
0.93,-0.37525,4444,0
0.917,-0.37088,4467,0
0.917,-0.36652,4494,0
0.921,-0.36216,4486,0
0.922,-0.35779,4615,0
0.916,-0.35343,4659,0
0.912,-0.34907,4696,0
0.92,-0.3447,4757,0
0.906,-0.34034,4633,0
0.902,-0.33598,4596,0
0.902,-0.33161,4515,0
0.9,-0.32725,4581,0
0.903,-0.32289,4666,0
0.901,-0.31852,4711,0
0.9,-0.31416,4735,0
0.903,-0.3098,4659,0
0.894,-0.30543,4599,0
0.883,-0.30107,4604,0
0.868,-0.29671,4736,0
0.878,-0.29234,4930,0
0.891,-0.28798,4906,0
0.898,-0.28362,4863,0
0.878,-0.27925,4825,0
0.887,-0.27489,4726,0
0.88,-0.27053,4740,0
0.875,-0.26616,4621,0
0.878,-0.2618,4604,0
0.874,-0.25744,4471,0
0.877,-0.25307,4478,0
0.871,-0.24871,4509,0
0.878,-0.24435,4499,0
0.865,-0.23998,4519,0
0.858,-0.23562,4406,0
0.868,-0.23126,4355,0
0.865,-0.22689,4410,0
0.867,-0.22253,4590,0
0.846,-0.21817,4716,0
0.854,-0.2138,4741,0
0.859,-0.20944,4731,0
0.855,-0.20508,4681,0
0.863,-0.20071,4632,0
0.849,-0.19635,4521,0
0.842,-0.19199,4564,0
0.849,-0.18762,4680,0
0.855,-0.18326,4806,0
0.855,-0.1789,4853,0
0.851,-0.17453,4853,0
0.85,-0.17017,4668,0
0.848,-0.16581,4601,0
0.846,-0.16144,4644,0
0.842,-0.15708,4639,0
0.839,-0.15272,4709,0
0.855,-0.14835,4801,0
0.831,-0.14399,4935,0
0.805,-0.13963,5033,0
0.811,-0.13526,4961,0
0.846,-0.1309,4868,0
0.843,-0.12654,4788,0
0.811,-0.12217,4681,0
0.823,-0.11781,4580,0
0.812,-0.11345,4648,0
0.82,-0.10908,4663,0
0.815,-0.10472,4692,0
0.816,-0.10036,4664,0
0.817,-0.095993,4656,0
0.817,-0.09163,4706,0
0.811,-0.087266,4793,0
0.807,-0.082903,4852,0
0.813,-0.07854,4901,0
0.802,-0.074176,4869,0
0.8,-0.069813,4820,0
0.805,-0.06545,4826,0
0.788,-0.061087,4838,0
0.815,-0.056723,4784,0
0.812,-0.05236,4774,0
0.808,-0.047997,4847,0
0.819,-0.043633,4896,0
0.799,-0.03927,4920,0
0.802,-0.034907,4883,0
0.807,-0.030543,4877,0
0.806,-0.02618,4896,0
0.804,-0.021817,4868,0
0.808,-0.017453,4814,0
0.798,-0.01309,4882,0
0.81,-0.0087266,4885,0
0.812,-0.0043633,4920,0
0.804,0,4864,0
0.799,0.0043633,4767,0
0.803,0.0087266,4793,0
0.801,0.01309,4821,0
0.766,0.017453,4868,0
0.777,0.021817,4857,0
0.798,0.02618,4738,0
0.794,0.030543,4756,0
0.786,0.034907,4663,0
0.793,0.03927,4699,0
0.792,0.043633,4846,0
0.799,0.047997,4851,0
0.795,0.05236,4801,0
0.785,0.056723,4820,0
0.789,0.061087,4761,0
0.797,0.06545,4812,0
0.793,0.069813,4866,0
0.79,0.074176,4898,0
0.79,0.07854,4976,0
0.794,0.082903,4929,0
0.797,0.087266,4723,0
0.79,0.09163,4711,0
0.786,0.095993,4965,0
0.771,0.10036,5027,0
0.785,0.10472,5071,0
0.796,0.10908,4971,0
0.797,0.11345,4898,0
0.783,0.11781,4875,0
0.791,0.12217,4762,0
0.787,0.12654,4942,0
0.794,0.1309,5081,0
0.786,0.13526,5084,0
0.789,0.13963,4760,0
0.799,0.14399,4746,0
0.797,0.14835,4880,0
0.796,0.15272,4948,0
0.787,0.15708,4946,0
0.788,0.16144,4996,0
0.792,0.16581,5200,0
0.792,0.17017,5285,0
0.785,0.17453,5145,0
0.789,0.1789,5046,0
0.789,0.18326,4858,0
0.77,0.18762,4980,0
0.784,0.19199,5027,0
0.784,0.19635,4999,0
0.78,0.20071,5060,0
0.775,0.20508,5163,0
0.779,0.20944,5006,0
0.786,0.2138,4896,0
0.787,0.21817,4930,0
0.78,0.22253,4752,0
0.793,0.22689,4680,0
0.783,0.23126,4830,0
0.787,0.23562,4869,0
0.797,0.23998,4910,0
0.788,0.24435,4949,0
0.783,0.24871,4958,0
0.761,0.25307,4967,0
0.781,0.25744,4953,0
0.792,0.2618,4819,0
0.787,0.26616,4879,0
0.789,0.27053,4765,0
0.79,0.27489,4570,0
0.784,0.27925,4807,0
0.795,0.28362,5084,0
0.79,0.28798,5138,0
0.786,0.29234,5038,0
0.806,0.29671,4924,0
0.792,0.30107,4862,0
0.804,0.30543,4835,0
0.794,0.3098,4836,0
0.806,0.31416,4695,0
0.795,0.31852,4716,0
0.799,0.32289,4822,0
0.788,0.32725,4873,0
0.79,0.33161,4891,0
0.796,0.33598,4839,0
0.815,0.34034,4867,0
0.807,0.3447,4861,0
0.81,0.34907,4891,0
0.805,0.35343,4903,0
0.797,0.35779,4880,0
0.813,0.36216,4969,0
0.805,0.36652,4893,0
0.805,0.37088,4805,0
0.809,0.37525,4863,0
0.819,0.37961,4890,0
0.804,0.38397,4826,0
0.821,0.38834,4770,0
0.813,0.3927,4800,0
0.805,0.39706,4732,0
0.821,0.40143,4812,0
0.82,0.40579,4743,0
0.799,0.41015,4784,0
0.825,0.41452,4766,0
0.821,0.41888,4769,0
0.818,0.42324,4823,0
0.823,0.42761,4822,0
0.818,0.43197,4810,0
0.814,0.43633,4858,0
0.822,0.4407,4879,0
0.814,0.44506,4892,0
0.824,0.44942,4844,0
0.818,0.45379,4836,0
0.824,0.45815,4830,0
0.823,0.46251,4748,0
0.833,0.46688,4543,0
0.82,0.47124,4527,0
0.817,0.4756,4558,0
0.819,0.47997,4801,0
0.81,0.48433,4974,0
0.815,0.48869,4998,0
0.812,0.49306,4943,0
0.851,0.49742,4887,0
0.851,0.50178,5065,0
0.849,0.50615,5154,0
0.849,0.51051,5185,0
0.839,0.51487,5099,0
0.849,0.51924,4890,0
0.856,0.5236,4859,0
0.858,0.52796,5090,0
0.854,0.53233,5250,0
0.858,0.53669,5255,0
0.856,0.54105,5251,0
0.868,0.54542,5218,0
0.859,0.54978,5089,0
0.863,0.55414,5105,0
0.862,0.55851,5048,0
0.865,0.56287,5222,0
0.849,0.56723,5107,0
0.86,0.5716,5049,0
0.877,0.57596,4924,0
0.878,0.58032,4928,0
0.879,0.58469,4899,0
0.883,0.58905,4959,0
0.874,0.59341,4995,0
0.888,0.59778,4977,0
0.887,0.60214,4901,0
0.883,0.6065,4863,0
0.887,0.61087,4720,0
0.885,0.61523,4638,0
0.887,0.61959,4832,0
0.886,0.62396,5026,0
0.898,0.62832,4892,0
0.888,0.63268,4651,0
0.881,0.63705,4664,0
0.903,0.64141,4742,0
0.877,0.64577,4810,0
0.889,0.65014,4753,0
0.902,0.6545,4725,0
0.902,0.65886,4772,0
0.908,0.66323,4733,0
0.908,0.66759,4754,0
0.914,0.67195,4745,0
0.899,0.67632,4671,0
0.914,0.68068,4647,0
0.923,0.68504,4596,0
0.917,0.68941,4633,0
0.921,0.69377,4636,0
0.918,0.69813,4405,0
0.918,0.7025,4365,0
0.918,0.70686,4520,0
0.936,0.71122,4521,0
0.923,0.71559,4650,0
0.943,0.71995,4541,0
0.945,0.72431,4476,0
0.942,0.72867,4493,0
0.924,0.73304,4599,0
0.922,0.7374,4539,0
0.948,0.74176,4506,0
0.958,0.74613,4555,0
0.962,0.75049,4573,0
0.968,0.75485,4541,0
0.958,0.75922,4580,0
0.962,0.76358,4570,0
0.959,0.76794,4594,0
0.969,0.77231,4533,0
0.968,0.77667,4469,0
0.963,0.78103,4501,0
0.98,0.7854,4444,0
0.976,0.78976,4393,0
0.989,0.79412,4385,0
0.989,0.79849,4391,0
0.991,0.80285,4434,0
0.989,0.80721,4534,0
0.988,0.81158,4409,0
0.993,0.81594,4469,0
0.994,0.8203,4443,0
0.997,0.82467,4394,0
1.008,0.82903,4357,0
1.001,0.83339,4391,0
0.996,0.83776,4330,0
1.014,0.84212,4310,0
1.007,0.84648,4353,0
1.016,0.85085,4450,0
1.038,0.85521,4511,0
1.034,0.85957,4404,0
1.032,0.86394,4341,0
1.044,0.8683,4340,0
1.049,0.87266,4368,0
1.053,0.87703,4297,0
1.047,0.88139,4390,0
1.048,0.88575,4386,0
1.045,0.89012,4385,0
1.066,0.89448,4329,0
1.063,0.89884,4254,0
1.078,0.90321,4195,0
1.086,0.90757,4155,0
1.074,0.91193,4127,0
1.095,0.9163,4151,0
1.086,0.92066,4203,0
1.096,0.92502,4222,0
1.102,0.92939,4227,0
1.093,0.93375,4228,0
1.107,0.93811,4181,0
1.102,0.94248,4199,0
1.102,0.94684,4097,0
1.11,0.9512,3937,0
1.113,0.95557,3974,0
1.13,0.95993,4006,0
1.123,0.96429,4026,0
1.131,0.96866,3976,0
1.125,0.97302,3989,0
1.15,0.97738,3908,0
1.155,0.98175,3921,0
1.152,0.98611,3965,0
1.138,0.99047,3956,0
1.159,0.99484,3993,0
1.16,0.9992,3981,0
1.17,1.0036,3868,0
1.177,1.0079,3874,0
1.18,1.0123,3851,0
1.175,1.0167,3899,0
1.186,1.021,3866,0
1.182,1.0254,3852,0
1.182,1.0297,3928,0
1.203,1.0341,3894,0
1.196,1.0385,3893,0
1.207,1.0428,3711,0
1.231,1.0472,3714,0
1.22,1.0516,3673,0
1.224,1.0559,3695,0
1.256,1.0603,3690,0
1.244,1.0647,3673,0
1.253,1.069,3679,0
1.267,1.0734,3648,0
1.275,1.0777,3650,0
1.288,1.0821,3672,0
1.297,1.0865,3681,0
1.291,1.0908,3620,0
1.281,1.0952,3678,0
1.318,1.0996,3751,0
1.314,1.1039,3777,0
1.32,1.1083,3807,0
1.316,1.1126,3734,0
1.32,1.117,3659,0
1.346,1.1214,3637,0
1.361,1.1257,3599,0
1.341,1.1301,3614,0
1.336,1.1345,3651,0
1.377,1.1388,3580,0
1.378,1.1432,3580,0
1.373,1.1476,3583,0
1.391,1.1519,3607,0
1.399,1.1563,3577,0
1.414,1.1606,3576,0
1.422,1.165,3637,0
1.417,1.1694,3660,0
1.43,1.1737,3635,0
1.442,1.1781,3607,0
1.462,1.1825,3628,0
1.461,1.1868,3581,0
1.474,1.1912,3566,0
1.478,1.1956,3580,0
1.499,1.1999,3560,0
1.502,1.2043,3589,0
1.505,1.2086,3561,0
1.5,1.213,3539,0
1.522,1.2174,3537,0
1.543,1.2217,3534,0
1.55,1.2261,3545,0
1.548,1.2305,3451,0
1.576,1.2348,3470,0
1.578,1.2392,3497,0
1.592,1.2435,3475,0
1.6,1.2479,3427,0
1.599,1.2523,3400,0
1.62,1.2566,3391,0
1.618,1.261,3381,0
1.624,1.2654,3427,0
1.635,1.2697,3384,0
1.653,1.2741,3406,0
1.66,1.2785,3396,0
1.681,1.2828,3369,0
1.688,1.2872,3398,0
1.695,1.2915,3416,0
1.688,1.2959,3383,0
1.717,1.3003,3423,0
1.732,1.3046,3464,0
1.735,1.309,3509,0
1.726,1.3134,3513,0
1.737,1.3177,3531,0
1.739,1.3221,3371,0
1.745,1.3265,3104,0
1.737,1.3308,2986,0
1.748,1.3352,2988,0
1.733,1.3395,3065,0
1.736,1.3439,3045,0
1.731,1.3483,3019,0
1.734,1.3526,3000,0
1.738,1.357,3040,0
1.727,1.3614,2969,0
1.719,1.3657,2891,0
1.704,1.3701,2918,0
1.719,1.3744,2852,0
1.717,1.3788,2730,0
1.704,1.3832,2747,0
1.725,1.3875,2766,0
1.711,1.3919,2695,0
1.715,1.3963,2730,0
1.703,1.4006,2742,0
1.708,1.405,2805,0
1.719,1.4094,2735,0
1.699,1.4137,2754,0
1.707,1.4181,2711,0
1.702,1.4224,2612,0
1.69,1.4268,2521,0
1.712,1.4312,2503,0
1.707,1.4355,2549,0
1.698,1.4399,2487,0
1.699,1.4443,2476,0
1.705,1.4486,2458,0
1.691,1.453,2427,0
1.698,1.4573,2362,0
1.705,1.4617,2437,0
1.694,1.4661,2442,0
1.703,1.4704,2387,0
1.693,1.4748,2446,0
1.687,1.4792,2442,0
1.684,1.4835,2417,0
1.692,1.4879,2476,0
1.685,1.4923,2558,0
1.678,1.4966,2723,0
1.67,1.501,2765,0
1.668,1.5053,2857,0
1.657,1.5097,2943,0
1.667,1.5141,3018,0
1.672,1.5184,3115,0
1.667,1.5228,3104,0
1.656,1.5272,3103,0
1.641,1.5315,3133,0
1.652,1.5359,3165,0
1.656,1.5403,3107,0
1.658,1.5446,3114,0
1.661,1.549,3117,0
1.656,1.5533,3126,0
1.675,1.5577,3071,0
1.695,1.5621,2921,0
1.711,1.5664,2669,0
1.745,1.5708,2603,0
1.742,1.5752,2564,0
1.741,1.5795,2532,0
1.745,1.5839,2558,0
1.747,1.5882,2564,0
1.742,1.5926,2553,0
1.752,1.597,2523,0
1.75,1.6013,2565,0
1.753,1.6057,2653,0
1.743,1.6101,2678,0
1.805,1.6144,2931,0
3.279,1.6188,1285,0
3.221,1.6232,1721,0
3.208,1.6275,1969,0
3.204,1.6319,2051,0
3.198,1.6362,2009,0
3.193,1.6406,1955,0
3.185,1.645,1882,0
3.202,1.6493,1970,0
3.207,1.6537,2033,0
3.186,1.6581,2015,0
3.19,1.6624,2009,0
3.193,1.6668,2009,0
3.196,1.6712,2038,0
3.193,1.6755,2022,0
3.199,1.6799,2031,0
3.193,1.6842,2006,0
3.196,1.6886,1981,0
3.188,1.693,1996,0
3.167,1.6973,2025,0
3.196,1.7017,2004,0
3.197,1.7061,1953,0
3.194,1.7104,1972,0
3.195,1.7148,1952,0
3.195,1.7191,1973,0
3.203,1.7235,1966,0
3.192,1.7279,1955,0
3.191,1.7322,1952,0
3.196,1.7366,1930,0
3.203,1.741,1954,0
3.208,1.7453,1876,0
3.217,1.7497,1874,0
3.206,1.7541,1852,0
3.215,1.7584,1907,0
3.203,1.7628,1922,0
3.218,1.7671,1952,0
3.206,1.7715,1939,0
3.205,1.7759,1905,0
3.205,1.7802,1919,0
3.221,1.7846,1925,0
3.206,1.789,1893,0
3.219,1.7933,1873,0
3.22,1.7977,1798,0
3.217,1.8021,1848,0
3.229,1.8064,1860,0
3.231,1.8108,1870,0
3.225,1.8151,1862,0
3.232,1.8195,1842,0
3.234,1.8239,1797,0
3.237,1.8282,1832,0
3.245,1.8326,1796,0
3.257,1.837,1858,0
3.248,1.8413,1806,0
3.251,1.8457,1783,0
3.233,1.85,1762,0
3.239,1.8544,1741,0
3.265,1.8588,1684,0
3.252,1.8631,1718,0
3.247,1.8675,1772,0
3.27,1.8719,1768,0
3.257,1.8762,1761,0
3.26,1.8806,1704,0
3.281,1.885,1721,0
3.266,1.8893,1723,0
3.276,1.8937,1706,0
3.284,1.898,1714,0
3.283,1.9024,1708,0
3.287,1.9068,1740,0
3.293,1.9111,1657,0
3.3,1.9155,1741,0
3.295,1.9199,1728,0
3.298,1.9242,1702,0
3.292,1.9286,1638,0
3.295,1.933,1665,0
3.313,1.9373,1681,0
3.319,1.9417,1659,0
3.32,1.946,1636,0
3.33,1.9504,1659,0
3.332,1.9548,1698,0
3.326,1.9591,1659,0
3.339,1.9635,1603,0
3.337,1.9679,1593,0
3.352,1.9722,1623,0
3.359,1.9766,1604,0
3.363,1.9809,1605,0
3.356,1.9853,1584,0
3.375,1.9897,1584,0
3.371,1.994,1609,0
3.384,1.9984,1594,0
3.389,2.0028,1521,0
3.388,2.0071,1560,0
3.373,2.0115,1547,0
3.382,2.0159,1512,0
3.405,2.0202,1535,0
3.415,2.0246,1575,0
3.417,2.0289,1506,0
3.421,2.0333,1507,0
3.433,2.0377,1491,0
3.444,2.042,1525,0
3.447,2.0464,1493,0
3.449,2.0508,1488,0
3.455,2.0551,1491,0
3.458,2.0595,1477,0
3.464,2.0639,1468,0
3.471,2.0682,1458,0
3.484,2.0726,1514,0
3.474,2.0769,1436,0
3.491,2.0813,1447,0
3.49,2.0857,1437,0
3.485,2.09,1441,0
3.51,2.0944,1434,0
3.528,2.0988,1424,0
3.53,2.1031,1371,0
3.531,2.1075,1458,0
3.545,2.1118,1417,0
3.542,2.1162,1404,0
3.557,2.1206,1377,0
3.557,2.1249,1373,0
3.576,2.1293,1409,0
3.583,2.1337,1379,0
3.586,2.138,1373,0
3.602,2.1424,1333,0
3.606,2.1468,1372,0
3.632,2.1511,1403,0
3.616,2.1555,1366,0
3.635,2.1598,1335,0
3.633,2.1642,1332,0
3.638,2.1686,1365,0
3.666,2.1729,1305,0
3.666,2.1773,1333,0
3.67,2.1817,1323,0
3.697,2.186,1346,0
3.69,2.1904,1289,0
3.707,2.1948,1289,0
3.735,2.1991,1300,0
3.721,2.2035,1291,0
3.746,2.2078,1313,0
3.741,2.2122,1273,0
3.757,2.2166,1200,0
3.763,2.2209,1249,0
3.787,2.2253,1256,0
3.787,2.2297,1274,0
3.802,2.234,1241,0
3.817,2.2384,1198,0
3.823,2.2427,1205,0
3.814,2.2471,1204,0
3.845,2.2515,1221,0
3.866,2.2558,1168,0
3.863,2.2602,1171,0
3.882,2.2646,1193,0
3.888,2.2689,1159,0
3.901,2.2733,1132,0
3.94,2.2777,1162,0
3.926,2.282,1136,0
3.928,2.2864,1082,0
3.945,2.2907,1120,0
3.974,2.2951,1123,0
3.982,2.2995,1073,0
4.001,2.3038,1118,0
4.007,2.3082,1126,0
4.041,2.3126,1031,0
4.086,2.3169,1011,0
4.154,2.3213,984,0
4.163,2.3257,963,0
4.237,2.33,971,0
4.233,2.3344,885,0
4.215,2.3387,963,0
4.224,2.3431,931,0
4.255,2.3475,959,0
4.286,2.3518,937,0
4.295,2.3562,901,0
