6.484,-2.3562,458,0
6.513,-2.3518,480,0
6.541,-2.3475,464,0
6.571,-2.3431,438,0
6.602,-2.3387,436,0
6.631,-2.3344,440,0
6.649,-2.33,435,0
6.721,-2.3257,441,0
6.731,-2.3213,472,0
6.76,-2.3169,442,0
6.831,-2.3126,344,0
6.878,-2.3082,441,0
6.93,-2.3038,392,0
7.014,-2.2995,404,0
7.053,-2.2951,403,0
7.104,-2.2907,384,0
7.181,-2.2864,341,0
7.221,-2.282,413,0
7.285,-2.2777,405,0
7.32,-2.2733,422,0
7.406,-2.2689,296,0
7.421,-2.2646,301,0
7.49,-2.2602,246,0
7.555,-2.2558,144,0
60,-2.2515,0,0
7.828,-2.2471,116,0
7.798,-2.2427,123,0
7.804,-2.2384,161,0
7.745,-2.234,254,0
7.778,-2.2297,409,0
7.762,-2.2253,776,0
7.799,-2.2209,854,0
7.784,-2.2166,831,0
7.841,-2.2122,580,0
7.86,-2.2078,500,0
7.939,-2.2035,479,0
7.957,-2.1991,449,0
8.021,-2.1948,465,0
8.079,-2.1904,455,0
8.131,-2.186,468,0
8.194,-2.1817,408,0
8.251,-2.1773,416,0
8.333,-2.1729,251,0
3.497,-2.1686,340,0
3.492,-2.1642,829,0
3.483,-2.1598,1046,0
3.47,-2.1555,1063,0
3.458,-2.1511,1028,0
3.461,-2.1468,997,0
3.469,-2.1424,761,0
3.491,-2.138,276,0
8.848,-2.1337,163,0
9.003,-2.1293,342,0
9.059,-2.1249,409,0
9.14,-2.1206,402,0
9.204,-2.1162,427,0
9.257,-2.1118,350,0
9.361,-2.1075,319,0
9.447,-2.1031,337,0
9.526,-2.0988,345,0
9.614,-2.0944,313,0
9.677,-2.09,295,0
9.778,-2.0857,317,0
9.902,-2.0813,272,0
9.989,-2.0769,262,0
10.078,-2.0726,255,0
10.138,-2.0682,262,0
10.245,-2.0639,209,0
10.346,-2.0595,209,0
10.448,-2.0551,227,0
10.573,-2.0508,238,0
10.637,-2.0464,224,0
10.751,-2.042,170,0
10.888,-2.0377,191,0
10.954,-2.0333,181,0
11.083,-2.0289,187,0
11.251,-2.0246,216,0
11.391,-2.0202,213,0
11.437,-2.0159,305,0
11.482,-2.0115,277,0
11.471,-2.0071,313,0
11.505,-2.0028,307,0
11.484,-1.9984,316,0
11.454,-1.994,315,0
11.453,-1.9897,305,0
11.415,-1.9853,299,0
11.43,-1.9809,260,0
11.454,-1.9766,309,0
11.441,-1.9722,299,0
11.433,-1.9679,296,0
11.435,-1.9635,301,0
11.424,-1.9591,355,0
11.443,-1.9548,292,0
11.456,-1.9504,328,0
11.439,-1.946,308,0
11.445,-1.9417,335,0
11.428,-1.9373,297,0
11.426,-1.933,312,0
11.397,-1.9286,317,0
11.409,-1.9242,326,0
11.404,-1.9199,342,0
11.377,-1.9155,366,0
11.374,-1.9111,294,0
11.43,-1.9068,321,0
11.4,-1.9024,337,0
11.422,-1.898,345,0
11.411,-1.8937,326,0
11.398,-1.8893,355,0
11.412,-1.885,336,0
11.396,-1.8806,311,0
11.414,-1.8762,266,0
11.403,-1.8719,312,0
11.402,-1.8675,321,0
11.391,-1.8631,324,0
11.433,-1.8588,341,0
11.42,-1.8544,395,0
11.425,-1.85,324,0
11.423,-1.8457,263,0
11.403,-1.8413,170,0
11.386,-1.837,197,0
11.405,-1.8326,328,0
11.412,-1.8282,232,0
11.456,-1.8239,173,0
11.436,-1.8195,252,0
11.416,-1.8151,257,0
11.449,-1.8108,331,0
11.471,-1.8064,327,0
11.461,-1.8021,322,0
11.452,-1.7977,335,0
11.473,-1.7933,265,0
11.453,-1.789,316,0
11.494,-1.7846,314,0
11.497,-1.7802,325,0
11.469,-1.7759,298,0
11.497,-1.7715,278,0
11.49,-1.7671,301,0
11.516,-1.7628,315,0
11.521,-1.7584,295,0
11.539,-1.7541,284,0
11.513,-1.7497,296,0
11.522,-1.7453,308,0
11.512,-1.741,285,0
11.561,-1.7366,301,0
11.563,-1.7322,295,0
11.563,-1.7279,308,0
11.593,-1.7235,282,0
11.589,-1.7191,320,0
11.599,-1.7148,169,0
11.616,-1.7104,143,0
11.614,-1.7061,176,0
60,-1.7017,0,0
60,-1.6973,0,0
60,-1.693,0,0
60,-1.6886,0,0
60,-1.6842,0,0
60,-1.6799,0,0
60,-1.6755,0,0
60,-1.6712,0,0
60,-1.6668,0,0
60,-1.6624,0,0
60,-1.6581,0,0
60,-1.6537,0,0
60,-1.6493,0,0
60,-1.645,0,0
60,-1.6406,0,0
60,-1.6362,0,0
60,-1.6319,0,0
60,-1.6275,0,0
60,-1.6232,0,0
60,-1.6188,0,0
60,-1.6144,0,0
60,-1.6101,0,0
60,-1.6057,0,0
60,-1.6013,0,0
60,-1.597,0,0
60,-1.5926,0,0
60,-1.5882,0,0
60,-1.5839,0,0
11.967,-1.5795,206,0
12.004,-1.5752,164,0
12.037,-1.5708,155,0
12.016,-1.5664,116,0
60,-1.5621,0,0
60,-1.5577,0,0
60,-1.5533,0,0
60,-1.549,0,0
9.903,-1.5446,102,0
9.908,-1.5403,257,0
9.917,-1.5359,520,0
9.971,-1.5315,703,0
9.956,-1.5272,718,0
9.982,-1.5228,663,0
10.01,-1.5184,586,0
10.034,-1.5141,245,0
10.006,-1.5097,170,0
3.545,-1.5053,271,0
3.59,-1.501,325,0
3.582,-1.4966,373,0
3.561,-1.4923,390,0
3.584,-1.4879,457,0
3.582,-1.4835,508,0
9.031,-1.4792,308,0
8.97,-1.4748,476,0
8.936,-1.4704,488,0
3.621,-1.4661,845,0
3.602,-1.4617,1015,0
3.606,-1.4573,1069,0
9.099,-1.453,153,0
8.999,-1.4486,191,0
8.973,-1.4443,254,0
8.993,-1.4399,118,0
3.66,-1.4355,1599,0
3.674,-1.4312,1715,0
3.692,-1.4268,1838,0
3.692,-1.4224,1922,0
3.701,-1.4181,2044,0
3.713,-1.4137,2221,0
3.735,-1.4094,2644,0
3.727,-1.405,2955,0
3.729,-1.4006,3262,0
3.739,-1.3963,3869,0
3.764,-1.3919,8972,0
3.77,-1.3875,12784,0
3.774,-1.3832,13913,0
3.77,-1.3788,13703,0
3.78,-1.3744,13836,0
3.77,-1.3701,14467,0
3.801,-1.3657,14421,0
3.816,-1.3614,14424,0
3.817,-1.357,14480,0
3.826,-1.3526,14479,0
3.843,-1.3483,14348,0
3.848,-1.3439,12880,0
3.824,-1.3395,3960,0
3.83,-1.3352,3358,0
3.837,-1.3308,2887,0
3.862,-1.3265,2380,0
3.882,-1.3221,1431,0
3.884,-1.3177,1095,0
3.92,-1.3134,1243,0
3.979,-1.309,1440,0
3.99,-1.3046,1797,0
4.01,-1.3003,2009,0
4.032,-1.2959,2081,0
4.028,-1.2915,2090,0
4.039,-1.2872,2073,0
4.067,-1.2828,1861,0
4.083,-1.2785,1534,0
4.082,-1.2741,1255,0
4.093,-1.2697,1105,0
4.118,-1.2654,1112,0
4.142,-1.261,1043,0
4.139,-1.2566,996,0
4.154,-1.2523,1172,0
4.172,-1.2479,1130,0
4.201,-1.2435,1239,0
4.216,-1.2392,1213,0
4.213,-1.2348,1282,0
4.239,-1.2305,1528,0
4.256,-1.2261,1473,0
4.251,-1.2217,1694,0
4.294,-1.2174,1842,0
4.308,-1.213,2001,0
4.328,-1.2086,2226,0
4.327,-1.2043,2378,0
4.329,-1.1999,2488,0
4.33,-1.1956,2657,0
4.316,-1.1912,2665,0
4.279,-1.1868,2724,0
4.264,-1.1825,2770,0
4.238,-1.1781,2712,0
4.203,-1.1737,2736,0
4.147,-1.1694,2792,0
4.1,-1.165,2815,0
4.047,-1.1606,2841,0
4.031,-1.1563,2833,0
3.983,-1.1519,2795,0
3.942,-1.1476,2786,0
3.899,-1.1432,2835,0
3.867,-1.1388,2916,0
3.828,-1.1345,2869,0
3.804,-1.1301,2862,0
3.773,-1.1257,2871,0
3.738,-1.1214,2908,0
3.722,-1.117,2898,0
3.688,-1.1126,2856,0
3.651,-1.1083,2946,0
3.618,-1.1039,2921,0
3.595,-1.0996,2871,0
3.583,-1.0952,2889,0
3.527,-1.0908,2909,0
3.51,-1.0865,2882,0
3.488,-1.0821,2863,0
3.449,-1.0777,2969,0
3.447,-1.0734,2949,0
3.424,-1.069,2917,0
3.396,-1.0647,2991,0
3.39,-1.0603,2992,0
3.373,-1.0559,2989,0
3.351,-1.0516,3000,0
3.341,-1.0472,2970,0
3.311,-1.0428,3055,0
3.274,-1.0385,3017,0
3.256,-1.0341,2978,0
3.246,-1.0297,2977,0
3.233,-1.0254,3042,0
3.218,-1.021,3031,0
3.213,-1.0167,3033,0
3.195,-1.0123,2985,0
3.178,-1.0079,3031,0
3.167,-1.0036,3000,0
3.144,-0.9992,3053,0
3.125,-0.99484,3051,0
3.099,-0.99047,3037,0
3.077,-0.98611,3022,0
3.059,-0.98175,3059,0
3.037,-0.97738,3096,0
3.024,-0.97302,3047,0
3.007,-0.96866,3046,0
2.995,-0.96429,3122,0
2.975,-0.95993,3075,0
2.978,-0.95557,3107,0
2.965,-0.9512,3127,0
2.946,-0.94684,3023,0
2.949,-0.94248,3020,0
2.914,-0.93811,2979,0
2.903,-0.93375,2971,0
2.901,-0.92939,2990,0
2.893,-0.92502,3031,0
2.854,-0.92066,3074,0
2.84,-0.9163,3075,0
2.835,-0.91193,3081,0
2.785,-0.90757,3052,0
2.73,-0.90321,2876,0
2.727,-0.89884,3096,0
2.715,-0.89448,3035,0
2.716,-0.89012,3090,0
2.717,-0.88575,3085,0
2.707,-0.88139,3110,0
2.709,-0.87703,3111,0
2.707,-0.87266,3133,0
2.702,-0.8683,3155,0
2.69,-0.86394,3107,0
2.686,-0.85957,3142,0
2.673,-0.85521,3140,0
2.657,-0.85085,3131,0
2.656,-0.84648,3124,0
2.62,-0.84212,3167,0
2.613,-0.83776,3188,0
2.612,-0.83339,3132,0
2.598,-0.82903,3139,0
2.592,-0.82467,3179,0
2.572,-0.8203,3099,0
2.563,-0.81594,3178,0
2.569,-0.81158,3178,0
2.541,-0.80721,3178,0
2.544,-0.80285,3165,0
2.539,-0.79849,3209,0
2.523,-0.79412,3153,0
2.515,-0.78976,3190,0
2.514,-0.7854,3155,0
2.504,-0.78103,3186,0
2.48,-0.77667,3132,0
2.485,-0.77231,3187,0
2.467,-0.76794,3156,0
2.447,-0.76358,3187,0
2.432,-0.75922,3202,0
2.436,-0.75485,3246,0
2.422,-0.75049,3203,0
2.41,-0.74613,3281,0
2.397,-0.74176,3252,0
2.402,-0.7374,3222,0
2.393,-0.73304,3253,0
2.374,-0.72867,3298,0
2.369,-0.72431,3257,0
2.351,-0.71995,3289,0
2.347,-0.71559,3303,0
2.321,-0.71122,3310,0
2.335,-0.70686,3341,0
2.326,-0.7025,3359,0
2.318,-0.69813,3314,0
2.306,-0.69377,3343,0
2.285,-0.68941,3366,0
2.28,-0.68504,3313,0
2.284,-0.68068,3245,0
2.283,-0.67632,3277,0
2.271,-0.67195,3310,0
2.261,-0.66759,3314,0
2.244,-0.66323,3304,0
2.243,-0.65886,3327,0
2.224,-0.6545,3366,0
2.228,-0.65014,3359,0
2.219,-0.64577,3326,0
2.217,-0.64141,3314,0
2.211,-0.63705,3309,0
2.19,-0.63268,3309,0
2.195,-0.62832,3360,0
2.176,-0.62396,3360,0
2.166,-0.61959,3350,0
2.177,-0.61523,3272,0
2.166,-0.61087,3283,0
2.168,-0.6065,3313,0
2.161,-0.60214,3300,0
2.147,-0.59778,3332,0
2.141,-0.59341,3310,0
2.14,-0.58905,3400,0
2.126,-0.58469,3374,0
2.125,-0.58032,3374,0
2.124,-0.57596,3351,0
2.122,-0.5716,3412,0
2.126,-0.56723,3420,0
2.127,-0.56287,3414,0
2.122,-0.55851,3414,0
2.114,-0.55414,3369,0
2.104,-0.54978,3358,0
2.099,-0.54542,3381,0
2.087,-0.54105,3369,0
2.082,-0.53669,3389,0
2.096,-0.53233,3358,0
2.085,-0.52796,3351,0
2.086,-0.5236,3404,0
2.079,-0.51924,3348,0
2.079,-0.51487,3318,0
2.071,-0.51051,3290,0
2.076,-0.50615,3338,0
2.067,-0.50178,3384,0
2.064,-0.49742,3339,0
2.064,-0.49306,3423,0
2.062,-0.48869,3385,0
2.058,-0.48433,3354,0
2.059,-0.47997,3365,0
2.059,-0.4756,3398,0
2.048,-0.47124,3320,0
2.055,-0.46688,3317,0
2.042,-0.46251,3380,0
2.019,-0.45815,3411,0
2.017,-0.45379,3377,0
2.02,-0.44942,3417,0
2.014,-0.44506,3415,0
2.015,-0.4407,3418,0
2.001,-0.43633,3396,0
2.002,-0.43197,3382,0
2.003,-0.42761,3400,0
1.994,-0.42324,3372,0
1.994,-0.41888,3390,0
1.983,-0.41452,3388,0
1.966,-0.41015,3342,0
1.964,-0.40579,3371,0
1.974,-0.40143,3392,0
1.963,-0.39706,3437,0
1.956,-0.3927,3406,0
1.955,-0.38834,3420,0
1.941,-0.38397,3459,0
1.931,-0.37961,3404,0
1.957,-0.37525,3429,0
1.937,-0.37088,3404,0
1.943,-0.36652,3449,0
1.945,-0.36216,3452,0
1.939,-0.35779,3451,0
1.94,-0.35343,3401,0
1.94,-0.34907,3456,0
1.924,-0.3447,3456,0
1.931,-0.34034,3452,0
1.946,-0.33598,3472,0
1.936,-0.33161,3441,0
1.921,-0.32725,3381,0
1.928,-0.32289,3410,0
1.927,-0.31852,3366,0
1.915,-0.31416,3371,0
1.924,-0.3098,3407,0
1.928,-0.30543,3374,0
1.9,-0.30107,3396,0
1.904,-0.29671,3371,0
1.919,-0.29234,3417,0
1.895,-0.28798,3426,0
1.909,-0.28362,3378,0
1.912,-0.27925,3353,0
1.896,-0.27489,3367,0
1.9,-0.27053,3355,0
1.903,-0.26616,3377,0
1.883,-0.2618,3408,0
1.881,-0.25744,3374,0
1.889,-0.25307,3384,0
1.881,-0.24871,3417,0
1.859,-0.24435,3396,1
1.822,-0.23998,3488,1
1.706,-0.23562,3634,1
1.573,-0.23126,3675,1
1.496,-0.22689,3341,1
1.446,-0.22253,3321,1
1.441,-0.21817,3343,1
1.454,-0.2138,3288,1
1.446,-0.20944,3280,1
1.451,-0.20508,3303,1
1.443,-0.20071,3328,1
1.445,-0.19635,3293,1
1.442,-0.19199,3297,1
1.44,-0.18762,3336,1
1.451,-0.18326,3297,1
1.449,-0.1789,3280,1
1.446,-0.17453,3365,1
1.442,-0.17017,3421,1
1.442,-0.16581,3370,1
1.44,-0.16144,3342,1
1.446,-0.15708,3363,1
1.441,-0.15272,3362,1
1.44,-0.14835,3376,1
1.43,-0.14399,3335,1
1.421,-0.13963,3379,1
1.423,-0.13526,3316,1
1.445,-0.1309,3317,1
1.435,-0.12654,3301,1
1.433,-0.12217,3281,1
1.424,-0.11781,3252,1
1.439,-0.11345,3223,1
1.42,-0.10908,3301,1
1.423,-0.10472,3297,1
1.429,-0.10036,3273,1
1.437,-0.095993,3297,1
1.43,-0.09163,3560,1
1.484,-0.087266,3898,1
1.622,-0.082903,3809,1
1.805,-0.07854,3530,1
1.842,-0.074176,3492,0
1.841,-0.069813,3461,0
1.826,-0.06545,3464,0
1.822,-0.061087,3412,0
1.839,-0.056723,3424,0
1.83,-0.05236,3449,0
1.835,-0.047997,3429,0
1.836,-0.043633,3400,0
1.828,-0.03927,3418,0
1.838,-0.034907,3385,0
1.843,-0.030543,3419,0
1.835,-0.02618,3377,0
1.851,-0.021817,3373,0
1.835,-0.017453,3335,0
1.846,-0.01309,3348,0
1.846,-0.0087266,3381,0
1.846,-0.0043633,3352,0
1.843,0,3461,0
1.843,0.0043633,3458,0
1.843,0.0087266,3375,0
1.839,0.01309,3386,0
1.828,0.017453,3371,0
1.835,0.021817,3443,0
1.853,0.02618,3428,0
1.857,0.030543,3447,0
1.854,0.034907,3425,0
1.857,0.03927,3411,0
1.863,0.043633,3404,0
1.859,0.047997,3362,0
1.865,0.05236,3327,0
1.856,0.056723,3356,0
1.859,0.061087,3465,0
1.869,0.06545,3471,0
1.867,0.069813,3416,0
1.869,0.074176,3412,0
1.87,0.07854,3415,0
1.867,0.082903,3370,0
1.88,0.087266,3275,0
1.874,0.09163,3314,0
1.861,0.095993,3329,0
1.86,0.10036,3311,0
1.877,0.10472,3359,0
1.874,0.10908,3407,0
1.884,0.11345,3439,0
1.878,0.11781,3382,0
1.878,0.12217,3396,0
1.887,0.12654,3315,0
1.889,0.1309,3348,0
1.89,0.13526,3384,0
1.896,0.13963,3458,0
1.889,0.14399,3392,0
1.894,0.14835,3393,0
1.898,0.15272,3287,0
1.891,0.15708,3314,0
1.897,0.16144,3344,0
1.899,0.16581,3418,0
1.896,0.17017,3347,0
1.901,0.17453,3344,0
1.899,0.1789,3430,0
1.917,0.18326,3412,0
1.902,0.18762,3401,0
1.913,0.19199,3382,0
1.921,0.19635,3389,0
1.923,0.20071,3381,0
1.931,0.20508,3304,0
1.93,0.20944,3324,0
1.933,0.2138,3322,0
1.936,0.21817,3326,0
1.943,0.22253,3368,0
1.942,0.22689,3388,0
1.942,0.23126,3330,0
1.962,0.23562,3310,0
1.956,0.23998,3297,0
1.936,0.24435,3290,0
1.941,0.24871,3313,0
1.953,0.25307,3340,0
1.939,0.25744,3350,0
1.947,0.2618,3367,0
1.971,0.26616,3328,0
1.966,0.27053,3393,0
1.968,0.27489,3352,0
1.97,0.27925,3352,0
1.966,0.28362,3357,0
1.968,0.28798,3402,0
1.978,0.29234,3359,0
1.967,0.29671,3285,0
1.986,0.30107,3357,0
1.989,0.30543,3300,0
1.991,0.3098,3262,0
1.988,0.31416,3377,0
2.002,0.31852,3366,0
2.004,0.32289,3345,0
2.005,0.32725,3380,0
2,0.33161,3383,0
1.992,0.33598,3393,0
2.002,0.34034,3378,0
2.011,0.3447,3387,0
2.011,0.34907,3418,0
2.018,0.35343,3365,0
2.018,0.35779,3365,0
2.025,0.36216,3347,0
2.037,0.36652,3357,0
2.029,0.37088,3347,0
2.03,0.37525,3337,0
2.035,0.37961,3343,0
2.032,0.38397,3328,0
2.037,0.38834,3287,0
2.055,0.3927,3266,0
2.06,0.39706,3244,0
2.06,0.40143,3250,0
2.078,0.40579,3232,0
2.073,0.41015,3260,0
2.071,0.41452,3275,0
2.056,0.41888,3273,0
2.083,0.42324,3286,0
2.096,0.42761,3277,0
2.084,0.43197,3240,0
2.091,0.43633,3275,0
2.102,0.4407,3320,0
2.105,0.44506,3362,0
2.107,0.44942,3302,0
2.115,0.45379,3285,0
2.119,0.45815,3327,0
2.109,0.46251,3274,0
2.125,0.46688,3287,0
2.144,0.47124,3243,0
2.14,0.4756,3295,0
2.138,0.47997,3246,0
2.14,0.48433,3305,0
2.138,0.48869,3308,0
2.135,0.49306,3301,0
2.127,0.49742,3274,0
2.139,0.50178,3286,0
2.167,0.50615,3204,0
2.174,0.51051,3234,0
2.187,0.51487,3215,0
2.194,0.51924,3204,0
2.197,0.5236,3177,0
2.204,0.52796,3273,0
2.208,0.53233,3249,0
2.211,0.53669,3252,0
2.232,0.54105,3218,0
2.235,0.54542,3199,0
2.235,0.54978,3164,0
2.25,0.55414,3242,0
2.245,0.55851,3201,0
2.249,0.56287,3260,0
2.263,0.56723,3186,0
2.259,0.5716,3222,0
2.249,0.57596,3213,0
2.273,0.58032,3183,0
2.279,0.58469,3169,0
2.288,0.58905,3207,0
2.297,0.59341,3211,0
2.292,0.59778,3188,0
2.304,0.60214,3178,0
2.311,0.6065,3169,0
2.33,0.61087,3181,0
2.344,0.61523,3192,0
2.354,0.61959,3207,0
2.356,0.62396,3165,0
2.368,0.62832,3161,0
2.367,0.63268,3198,0
2.378,0.63705,3220,0
2.391,0.64141,3168,0
2.394,0.64577,3171,0
2.407,0.65014,3204,0
2.407,0.6545,3162,0
2.412,0.65886,3196,0
2.404,0.66323,3211,0
2.438,0.66759,3130,0
2.459,0.67195,3094,0
2.47,0.67632,3100,0
2.475,0.68068,3151,0
2.474,0.68504,3108,0
2.483,0.68941,3093,0
2.497,0.69377,3153,0
2.505,0.69813,3093,0
2.525,0.7025,3118,0
2.526,0.70686,3114,0
2.532,0.71122,3054,0
2.551,0.71558,3069,0
2.569,0.71995,3088,0
2.578,0.72431,3042,0
2.593,0.72867,3097,0
2.601,0.73304,3092,0
2.618,0.7374,3046,0
2.629,0.74176,3034,0
2.638,0.74613,3027,0
2.655,0.75049,3016,0
2.666,0.75485,2997,0
2.686,0.75922,3021,0
2.681,0.76358,3040,0
2.689,0.76794,3020,0
2.708,0.77231,2993,0
2.715,0.77667,2988,0
2.718,0.78103,2990,0
2.737,0.7854,3022,0
2.751,0.78976,3004,0
2.751,0.79412,3013,0
2.768,0.79849,3005,0
2.787,0.80285,2954,0
2.793,0.80721,2988,0
2.805,0.81158,2998,0
2.825,0.81594,2994,0
2.842,0.8203,2963,0
2.841,0.82467,2959,0
2.869,0.82903,2950,0
2.871,0.83339,2978,0
2.888,0.83776,2962,0
2.904,0.84212,2976,0
2.907,0.84648,2949,0
2.924,0.85085,2974,0
2.933,0.85521,2966,0
2.94,0.85957,2967,0
2.98,0.86394,2959,0
3.004,0.8683,2922,0
3.024,0.87266,2936,0
3.052,0.87703,2885,0
3.075,0.88139,2915,0
3.101,0.88575,2917,0
3.1,0.89012,2930,0
3.12,0.89448,2932,0
3.13,0.89884,2880,0
3.156,0.90321,2828,0
3.187,0.90757,2833,0
3.201,0.91193,2845,0
3.223,0.9163,2828,0
3.238,0.92066,2830,0
3.26,0.92502,2836,0
3.273,0.92939,2713,0
3.279,0.93375,2775,0
3.313,0.93811,2833,0
3.335,0.94248,2809,0
3.361,0.94684,2765,0
3.384,0.9512,2795,0
3.399,0.95557,2824,0
3.434,0.95993,2798,0
3.481,0.96429,2820,0
3.486,0.96866,2848,0
3.517,0.97302,2788,0
3.547,0.97738,2809,0
3.569,0.98175,2782,0
3.591,0.98611,2802,0
3.618,0.99047,2792,0
3.656,0.99484,2779,0
3.68,0.9992,2801,0
3.73,1.0036,2717,0
3.744,1.0079,2751,0
3.784,1.0123,2784,0
3.842,1.0167,2697,0
3.869,1.021,2697,0
3.904,1.0254,2761,0
3.932,1.0297,2739,0
3.953,1.0341,2766,0
3.985,1.0385,2714,0
4.025,1.0428,2715,0
4.061,1.0472,2716,0
4.086,1.0516,2691,0
4.12,1.0559,2547,0
4.142,1.0603,2438,0
4.153,1.0647,2221,0
4.162,1.069,1869,0
4.16,1.0734,1709,0
4.154,1.0777,1585,0
4.155,1.0821,1947,0
4.111,1.0865,1479,0
4.122,1.0908,1280,0
4.129,1.0952,1342,0
4.115,1.0996,1330,0
4.137,1.1039,1410,0
4.118,1.1083,1445,0
4.11,1.1126,1389,0
4.11,1.117,1398,0
4.113,1.1214,1339,0
4.103,1.1257,1505,0
4.11,1.1301,1397,0
4.115,1.1345,1469,0
4.108,1.1388,1642,0
4.111,1.1432,1302,0
4.102,1.1476,1234,0
4.111,1.1519,1128,0
4.094,1.1563,1248,0
4.085,1.1606,1254,0
4.072,1.165,1228,0
4.085,1.1694,1367,0
4.095,1.1737,1569,0
4.103,1.1781,1986,0
4.103,1.1825,2284,0
4.101,1.1868,2412,0
4.085,1.1912,2449,0
4.098,1.1956,2565,0
4.097,1.1999,2577,0
4.086,1.2043,2572,0
4.085,1.2086,2561,0
4.079,1.213,2582,0
4.077,1.2174,2545,0
4.085,1.2217,2581,0
4.089,1.2261,2559,0
4.086,1.2305,2536,0
4.074,1.2348,2588,0
4.072,1.2392,2560,0
4.065,1.2435,2584,0
4.032,1.2479,2587,0
4.195,1.2523,2398,0
3.447,1.2566,3418,0
3.422,1.261,2599,0
3.409,1.2654,2120,0
3.476,1.2697,2220,0
3.754,1.2741,2572,0
4.024,1.2785,2489,0
4.082,1.2828,2578,0
4.071,1.2872,2535,0
4.095,1.2915,2536,0
4.134,1.2959,2412,0
4.168,1.3003,1553,0
3.035,1.3046,2297,0
3.026,1.309,2329,0
4.088,1.3134,1042,0
4.068,1.3177,1669,0
3.728,1.3221,2421,0
3.669,1.3265,2730,0
3.729,1.3308,2717,0
4.102,1.3352,2388,0
3.763,1.3395,2665,0
3.79,1.3439,2655,0
4.077,1.3483,2532,0
4.115,1.3526,2479,0
4.136,1.357,2343,0
3.09,1.3614,1898,0
3.055,1.3657,2049,0
3.06,1.3701,1331,0
3.055,1.3744,1288,0
3.087,1.3788,1476,0
3.127,1.3832,1734,0
3.2,1.3875,2551,0
3.242,1.3919,2885,0
4.234,1.3963,1339,0
2.996,1.4006,1733,0
4.222,1.405,347,0
4.148,1.4094,2448,0
4.136,1.4137,2520,0
4.144,1.4181,2503,0
4.127,1.4224,2551,0
4.015,1.4268,2684,0
3.922,1.4312,2836,0
3.556,1.4355,3382,0
3.389,1.4399,3092,0
3.367,1.4443,2974,0
3.399,1.4486,3243,0
4.031,1.453,2594,0
4.152,1.4573,2508,0
4.17,1.4617,2483,0
4.184,1.4661,2466,0
4.182,1.4704,2442,0
4.171,1.4748,2493,0
4.173,1.4792,2433,0
4.184,1.4835,2475,0
4.196,1.4879,2456,0
4.213,1.4923,2434,0
4.205,1.4966,2443,0
4.22,1.501,2453,0
4.22,1.5053,2449,0
4.23,1.5097,2432,0
4.228,1.5141,2429,0
4.236,1.5184,2411,0
4.236,1.5228,2419,0
4.253,1.5272,2454,0
4.248,1.5315,2424,0
4.252,1.5359,2417,0
4.253,1.5403,2388,0
4.266,1.5446,2387,0
4.267,1.549,2410,0
4.265,1.5533,2407,0
4.274,1.5577,2399,0
4.284,1.5621,2387,0
4.3,1.5664,2392,0
4.296,1.5708,2411,0
4.307,1.5752,2255,0
4.293,1.5795,1726,0
4.329,1.5839,194,0
0.531,1.5882,3680,0
0.519,1.5926,4019,0
0.529,1.597,4254,0
0.532,1.6013,4328,0
0.515,1.6057,4163,0
0.501,1.6101,4037,0
0.458,1.6144,3836,0
0.425,1.6188,3609,0
0.391,1.6232,3393,0
0.375,1.6275,3316,0
0.361,1.6319,3303,0
0.338,1.6362,3342,0
0.366,1.6406,3382,0
0.36,1.645,3380,0
0.334,1.6493,3406,0
0.348,1.6537,3459,0
0.338,1.6581,3539,0
0.325,1.6624,3552,0
0.337,1.6668,3656,0
0.327,1.6712,3618,0
0.326,1.6755,3587,0
0.324,1.6799,3592,0
0.326,1.6842,3612,0
0.313,1.6886,3630,0
0.321,1.693,3614,0
0.317,1.6973,3550,0
0.31,1.7017,3595,0
0.296,1.7061,3538,0
0.304,1.7104,3492,0
0.309,1.7148,3430,0
0.31,1.7191,3475,0
0.314,1.7235,3476,0
0.31,1.7279,3434,0
0.306,1.7322,3421,0
0.304,1.7366,3389,0
0.3,1.741,3396,0
0.304,1.7453,3391,0
0.293,1.7497,3374,0
0.296,1.7541,3361,0
0.299,1.7584,3370,0
0.293,1.7628,3360,0
0.298,1.7671,3350,0
0.296,1.7715,3315,0
0.297,1.7759,3353,0
0.287,1.7802,3319,0
0.277,1.7846,3361,0
0.275,1.789,3365,0
0.273,1.7933,3371,0
0.274,1.7977,3306,0
0.287,1.8021,3356,0
0.279,1.8064,3315,0
0.281,1.8108,3305,0
0.281,1.8151,3323,0
0.275,1.8195,3260,0
0.279,1.8239,3308,0
0.277,1.8282,3338,0
0.287,1.8326,3300,0
0.283,1.837,3379,0
0.277,1.8413,3403,0
0.27,1.8457,3382,0
0.27,1.85,3460,0
0.277,1.8544,3487,0
0.267,1.8588,3498,0
0.253,1.8631,3501,0
0.268,1.8675,3461,0
0.267,1.8719,3441,0
0.271,1.8762,3432,0
0.269,1.8806,3368,0
0.272,1.885,3344,0
0.27,1.8893,3277,0
0.268,1.8937,3242,0
0.266,1.898,3279,0
0.26,1.9024,3180,0
0.268,1.9068,3135,0
0.252,1.9111,3168,0
0.265,1.9155,3193,0
0.275,1.9199,3173,0
0.245,1.9242,3191,0
0.257,1.9286,3161,0
0.263,1.933,3161,0
0.263,1.9373,3195,0
0.257,1.9417,3161,0
0.261,1.946,3142,0
0.258,1.9504,3170,0
0.259,1.9548,3138,0
0.261,1.9591,3077,0
0.262,1.9635,3071,0
0.256,1.9679,3102,0
0.266,1.9722,3118,0
0.258,1.9766,3046,0
0.258,1.9809,3088,0
0.26,1.9853,3130,0
0.246,1.9897,3095,0
0.237,1.994,3090,0
0.251,1.9984,3077,0
0.255,2.0028,3062,0
0.252,2.0071,3088,0
0.25,2.0115,3114,0
0.248,2.0159,3108,0
0.244,2.0202,3046,0
0.238,2.0246,3100,0
0.252,2.0289,3064,0
0.252,2.0333,3091,0
0.248,2.0377,3107,0
0.248,2.042,3082,0
0.243,2.0464,3150,0
0.233,2.0508,3091,0
0.231,2.0551,3046,0
0.245,2.0595,3073,0
0.231,2.0639,3065,0
0.25,2.0682,3069,0
0.249,2.0726,3023,0
0.241,2.0769,3061,0
0.253,2.0813,3082,0
0.252,2.0857,3089,0
0.24,2.09,3085,0
0.249,2.0944,3044,0
0.246,2.0988,3087,0
0.244,2.1031,3068,0
0.241,2.1075,3083,0
0.253,2.1118,3073,0
0.24,2.1162,3049,0
0.229,2.1206,3087,0
0.236,2.1249,3104,0
0.243,2.1293,3028,0
0.243,2.1337,3064,0
0.25,2.138,3120,0
0.253,2.1424,3092,0
0.258,2.1468,3093,0
0.253,2.1511,3052,0
0.249,2.1555,3030,0
0.247,2.1598,3038,0
0.251,2.1642,3087,0
0.25,2.1686,3119,0
0.243,2.1729,3130,0
0.255,2.1773,3063,0
0.25,2.1817,3081,0
0.238,2.186,3152,0
0.247,2.1904,3118,0
0.252,2.1948,3132,0
0.252,2.1991,3140,0
0.247,2.2035,3185,0
0.25,2.2078,3138,0
0.253,2.2122,3088,0
0.246,2.2166,3134,0
0.252,2.2209,3128,0
0.243,2.2253,3116,0
0.249,2.2297,3154,0
0.252,2.234,3143,0
0.25,2.2384,3119,0
0.256,2.2427,3072,0
0.251,2.2471,3088,0
0.238,2.2515,3108,0
0.235,2.2558,3038,0
0.259,2.2602,3044,0
0.245,2.2646,3090,0
0.258,2.2689,3065,0
0.262,2.2733,3061,0
0.254,2.2777,3053,0
0.256,2.282,3069,0
0.26,2.2864,3093,0
0.257,2.2907,3046,0
0.259,2.2951,3076,0
0.264,2.2995,3125,0
0.255,2.3038,3087,0
0.249,2.3082,3081,0
0.237,2.3126,3094,0
0.266,2.3169,3071,0
0.256,2.3213,3063,0
0.254,2.3257,3065,0
0.251,2.33,3064,0
0.262,2.3344,3058,0
0.263,2.3387,3063,0
0.255,2.3431,3057,0
0.266,2.3475,3084,0
0.266,2.3518,3044,0
0.259,2.3562,3064,0
