60,-2.3562,0,0
60,-2.3518,0,0
10.274,-2.3475,100,0
10.289,-2.3431,103,0
10.343,-2.3387,102,0
60,-2.3344,0,0
60,-2.33,0,0
3.598,-2.3257,137,0
3.571,-2.3213,172,0
3.566,-2.3169,223,0
3.579,-2.3126,253,0
3.554,-2.3082,336,0
3.572,-2.3038,343,0
3.532,-2.2995,383,0
3.522,-2.2951,379,0
3.501,-2.2907,438,0
3.513,-2.2864,485,0
3.503,-2.282,568,0
3.517,-2.2777,606,0
3.507,-2.2733,651,0
3.493,-2.2689,687,0
3.499,-2.2646,699,0
3.52,-2.2602,523,0
3.513,-2.2558,443,0
3.521,-2.2515,489,0
3.528,-2.2471,502,0
3.554,-2.2427,573,0
3.535,-2.2384,739,0
3.525,-2.234,814,0
3.494,-2.2297,787,0
3.438,-2.2253,1072,0
3.444,-2.2209,1100,0
3.438,-2.2166,1108,0
3.439,-2.2122,1107,0
3.439,-2.2078,958,0
3.463,-2.2035,388,0
60,-2.1991,0,0
12.175,-2.1948,181,0
12.185,-2.1904,218,0
12.173,-2.186,219,0
12.19,-2.1817,236,0
12.145,-2.1773,221,0
12.139,-2.1729,244,0
12.134,-2.1686,233,0
12.13,-2.1642,203,0
12.11,-2.1598,244,0
12.103,-2.1555,250,0
12.09,-2.1511,269,0
12.107,-2.1468,235,0
12.115,-2.1424,237,0
12.092,-2.138,259,0
12.068,-2.1337,300,0
12.031,-2.1293,277,0
12.072,-2.1249,237,0
12.076,-2.1206,291,0
12.04,-2.1162,266,0
12.058,-2.1118,273,0
12.036,-2.1075,295,0
12.04,-2.1031,284,0
12.01,-2.0988,264,0
11.82,-2.0944,242,0
11.385,-2.09,290,0
11.392,-2.0857,300,0
11.44,-2.0813,311,0
11.432,-2.0769,299,0
11.44,-2.0726,317,0
11.43,-2.0682,364,0
11.407,-2.0639,377,0
11.405,-2.0595,317,0
11.426,-2.0551,298,0
11.401,-2.0508,325,0
11.402,-2.0464,335,0
11.425,-2.042,348,0
11.403,-2.0377,354,0
11.421,-2.0333,316,0
11.413,-2.0289,363,0
11.394,-2.0246,302,0
11.406,-2.0202,335,0
11.377,-2.0159,353,0
11.387,-2.0115,389,0
11.363,-2.0071,368,0
11.392,-2.0028,340,0
11.383,-1.9984,332,0
11.397,-1.994,386,0
11.401,-1.9897,360,0
11.41,-1.9853,374,0
11.394,-1.9809,398,0
11.364,-1.9766,359,0
11.405,-1.9722,365,0
11.398,-1.9679,340,0
11.421,-1.9635,344,0
11.41,-1.9591,303,0
11.412,-1.9548,288,0
11.391,-1.9504,291,0
11.435,-1.946,386,0
11.405,-1.9417,358,0
11.403,-1.9373,341,0
11.436,-1.933,344,0
11.417,-1.9286,323,0
11.418,-1.9242,120,0
11.449,-1.9199,232,0
11.428,-1.9155,297,0
11.418,-1.9111,129,0
11.461,-1.9068,229,0
11.45,-1.9024,293,0
11.453,-1.898,265,0
11.469,-1.8937,318,0
11.46,-1.8893,343,0
11.46,-1.885,258,0
11.498,-1.8806,298,0
11.446,-1.8762,295,0
11.496,-1.8719,291,0
11.5,-1.8675,237,0
11.48,-1.8631,275,0
11.509,-1.8588,277,0
11.493,-1.8544,273,0
11.539,-1.85,297,0
11.534,-1.8457,293,0
11.556,-1.8413,310,0
11.583,-1.837,295,0
11.546,-1.8326,258,0
11.569,-1.8282,298,0
11.561,-1.8239,233,0
11.594,-1.8195,296,0
11.601,-1.8151,187,0
3.458,-1.8108,450,0
11.617,-1.8064,236,0
11.632,-1.8021,210,0
11.637,-1.7977,223,0
11.639,-1.7933,253,0
11.641,-1.789,269,0
11.671,-1.7846,218,0
11.726,-1.7802,237,0
11.729,-1.7759,273,0
11.714,-1.7715,243,0
11.719,-1.7671,227,0
11.747,-1.7628,204,0
11.745,-1.7584,191,0
11.755,-1.7541,122,0
60,-1.7497,0,0
60,-1.7453,0,0
60,-1.741,0,0
60,-1.7366,0,0
60,-1.7322,0,0
60,-1.7279,0,0
60,-1.7235,0,0
60,-1.7191,0,0
60,-1.7148,0,0
60,-1.7104,0,0
60,-1.7061,0,0
11.986,-1.7017,181,0
11.959,-1.6973,206,0
11.979,-1.693,226,0
12.015,-1.6886,177,0
11.989,-1.6842,218,0
12.004,-1.6799,220,0
12.061,-1.6755,198,0
12.077,-1.6712,155,0
12.054,-1.6668,169,0
12.123,-1.6624,155,0
12.125,-1.6581,130,0
60,-1.6537,0,0
12.172,-1.6493,107,0
12.182,-1.645,132,0
12.158,-1.6406,147,0
60,-1.6362,0,0
60,-1.6319,0,0
60,-1.6275,0,0
60,-1.6232,0,0
60,-1.6188,0,0
10.064,-1.6144,173,0
10.053,-1.6101,231,0
10.051,-1.6057,256,0
10.086,-1.6013,426,0
10.107,-1.597,475,0
10.14,-1.5926,555,0
10.142,-1.5882,501,0
10.185,-1.5839,643,0
10.195,-1.5795,594,0
10.2,-1.5752,572,0
10.245,-1.5708,598,0
10.247,-1.5664,467,0
10.281,-1.5621,180,0
10.299,-1.5577,152,0
10.345,-1.5533,108,0
60,-1.549,0,0
60,-1.5446,0,0
60,-1.5403,0,0
60,-1.5359,0,0
60,-1.5315,0,0
60,-1.5272,0,0
60,-1.5228,0,0
60,-1.5184,0,0
60,-1.5141,0,0
60,-1.5097,0,0
60,-1.5053,0,0
60,-1.501,0,0
60,-1.4966,0,0
60,-1.4923,0,0
60,-1.4879,0,0
60,-1.4835,0,0
60,-1.4792,0,0
8.734,-1.4748,179,0
8.746,-1.4704,174,0
3.979,-1.4661,231,0
6.329,-1.4617,102,0
6.303,-1.4573,1014,0
6.306,-1.453,895,0
6.26,-1.4486,569,0
6.221,-1.4443,544,0
6.145,-1.4399,574,0
6.099,-1.4355,546,0
6.055,-1.4312,582,0
6.02,-1.4268,665,0
5.983,-1.4224,665,0
5.925,-1.4181,669,0
5.873,-1.4137,705,0
5.835,-1.4094,713,0
5.807,-1.405,666,0
5.763,-1.4006,686,0
5.724,-1.3963,808,0
5.686,-1.3919,802,0
5.624,-1.3875,826,0
5.597,-1.3832,807,0
5.553,-1.3788,842,0
5.508,-1.3744,949,0
5.484,-1.3701,920,0
5.457,-1.3657,1016,0
5.404,-1.3614,984,0
5.39,-1.357,969,0
5.346,-1.3526,1048,0
5.302,-1.3483,1027,0
5.274,-1.3439,1010,0
5.258,-1.3395,1125,0
5.206,-1.3352,1094,0
5.186,-1.3308,1146,0
5.16,-1.3265,1155,0
5.121,-1.3221,1139,0
5.082,-1.3177,1140,0
5.065,-1.3134,1190,0
5.013,-1.309,1174,0
5.001,-1.3046,1194,0
4.942,-1.3003,1266,0
4.94,-1.2959,1237,0
4.915,-1.2915,1270,0
4.906,-1.2872,1313,0
4.871,-1.2828,1312,0
4.849,-1.2785,1296,0
4.808,-1.2741,942,0
4.738,-1.2697,358,0
4.782,-1.2654,341,0
4.783,-1.261,235,0
60,-1.2566,0,0
60,-1.2523,0,0
60,-1.2479,0,0
60,-1.2435,0,0
60,-1.2392,0,0
60,-1.2348,0,0
60,-1.2305,0,0
4.849,-1.2261,168,0
4.828,-1.2217,258,0
4.807,-1.2174,223,0
4.826,-1.213,255,0
4.815,-1.2086,105,0
4.776,-1.2043,161,0
4.81,-1.1999,264,0
4.794,-1.1956,227,0
4.804,-1.1912,218,0
6.666,-1.1868,465,0
6.642,-1.1825,542,0
6.623,-1.1781,564,0
6.601,-1.1737,436,0
6.584,-1.1694,430,0
6.555,-1.165,336,0
6.549,-1.1606,298,0
6.495,-1.1563,230,0
6.5,-1.1519,151,0
6.487,-1.1476,104,0
4.502,-1.1432,372,0
4.492,-1.1388,372,0
4.521,-1.1345,405,0
4.466,-1.1301,341,0
4.458,-1.1257,377,0
4.435,-1.1214,369,0
4.425,-1.117,366,0
4.411,-1.1126,412,0
4.395,-1.1083,487,0
4.362,-1.1039,563,0
4.338,-1.0996,789,0
4.327,-1.0952,884,0
4.291,-1.0908,1056,0
4.274,-1.0865,1173,0
4.254,-1.0821,1339,0
4.224,-1.0777,1441,0
4.203,-1.0734,1542,0
4.205,-1.069,1637,0
4.173,-1.0647,1806,0
4.158,-1.0603,1823,0
4.158,-1.0559,1956,0
4.133,-1.0516,2077,0
4.121,-1.0472,2122,0
4.118,-1.0428,2169,0
4.1,-1.0385,2184,0
4.092,-1.0341,2209,0
4.077,-1.0297,2209,0
4.063,-1.0254,2224,0
4.05,-1.021,2247,0
4.031,-1.0167,2259,0
4.039,-1.0123,2253,0
4.007,-1.0079,2262,0
4.008,-1.0036,2263,0
4,-0.9992,2220,0
3.989,-0.99484,2247,0
3.96,-0.99047,2226,0
3.968,-0.98611,2213,0
3.958,-0.98175,2195,0
3.945,-0.97738,2207,0
3.933,-0.97302,2126,0
3.922,-0.96866,2111,0
3.911,-0.96429,2057,0
3.899,-0.95993,1957,0
3.909,-0.95557,1890,0
3.89,-0.9512,2014,0
3.878,-0.94684,1827,0
3.882,-0.94248,1952,0
3.856,-0.93811,1833,0
3.84,-0.93375,1593,0
3.844,-0.92939,1569,0
3.819,-0.92502,1413,0
3.821,-0.92066,1408,0
3.818,-0.9163,1474,0
3.81,-0.91193,1466,0
3.791,-0.90757,1408,0
3.8,-0.90321,1384,0
3.775,-0.89884,1337,0
3.776,-0.89448,1428,0
3.757,-0.89012,1457,0
3.766,-0.88575,1508,0
3.742,-0.88139,1422,0
3.742,-0.87703,1387,0
3.727,-0.87266,1381,0
3.724,-0.8683,1396,0
3.735,-0.86394,1415,0
3.712,-0.85957,1306,0
3.703,-0.85521,1413,0
3.697,-0.85085,1434,0
3.674,-0.84648,1338,0
3.679,-0.84212,1427,0
3.687,-0.83776,1469,0
3.67,-0.83339,1482,0
3.679,-0.82903,1535,0
3.672,-0.82467,1538,0
3.648,-0.8203,1630,0
3.644,-0.81594,1501,0
3.651,-0.81158,1550,0
3.64,-0.80721,1450,0
3.639,-0.80285,1536,0
3.624,-0.79849,1499,0
3.623,-0.79412,1451,0
3.612,-0.78976,1444,0
3.607,-0.7854,1455,0
3.605,-0.78103,1527,0
3.589,-0.77667,1682,0
3.601,-0.77231,1662,0
3.602,-0.76794,1660,0
3.591,-0.76358,1699,0
3.58,-0.75922,1769,0
3.592,-0.75485,1651,0
3.588,-0.75049,1705,0
3.572,-0.74613,1868,0
3.554,-0.74176,1757,0
3.582,-0.7374,1858,0
3.572,-0.73304,1969,0
3.564,-0.72867,1921,0
3.562,-0.72431,1880,0
3.556,-0.71995,1954,0
3.55,-0.71558,1867,0
3.547,-0.71122,1917,0
3.549,-0.70686,2047,0
3.529,-0.7025,2041,0
3.526,-0.69813,1987,0
3.544,-0.69377,2167,0
3.523,-0.68941,2073,0
3.528,-0.68504,2165,0
3.52,-0.68068,2211,0
3.52,-0.67632,2252,0
3.518,-0.67195,2181,0
3.525,-0.66759,2258,0
3.51,-0.66323,2305,0
3.494,-0.65886,2298,0
3.512,-0.6545,2316,0
3.502,-0.65014,2359,0
3.499,-0.64577,2355,0
3.494,-0.64141,2303,0
3.492,-0.63705,2450,0
3.474,-0.63268,2448,0
3.47,-0.62832,2454,0
3.485,-0.62396,2457,0
3.481,-0.61959,2499,0
3.489,-0.61523,2493,0
3.481,-0.61087,2544,0
3.471,-0.6065,2524,0
3.473,-0.60214,2577,0
3.471,-0.59778,2675,0
3.461,-0.59341,2720,0
3.465,-0.58905,2693,0
3.454,-0.58469,2778,0
3.449,-0.58032,2757,0
3.456,-0.57596,2851,0
3.45,-0.5716,2810,0
3.44,-0.56723,2905,0
3.445,-0.56287,2871,0
3.438,-0.55851,2763,0
3.436,-0.55414,2909,0
3.423,-0.54978,2881,0
3.42,-0.54542,2987,0
3.437,-0.54105,2902,0
3.429,-0.53669,2928,0
3.424,-0.53233,2926,0
3.426,-0.52796,2971,0
3.412,-0.5236,2962,0
3.417,-0.51924,2997,0
3.424,-0.51487,3008,0
3.407,-0.51051,2973,0
3.4,-0.50615,2933,0
3.401,-0.50178,2979,0
3.391,-0.49742,2922,0
3.388,-0.49306,2914,0
3.38,-0.48869,2888,0
3.364,-0.48433,2958,0
3.375,-0.47997,2862,0
3.359,-0.4756,2848,0
3.348,-0.47124,2860,0
3.343,-0.46688,2908,0
3.356,-0.46251,2903,0
3.354,-0.45815,2870,0
3.357,-0.45379,2847,0
3.34,-0.44942,2895,0
3.332,-0.44506,2846,0
3.342,-0.4407,2843,0
3.338,-0.43633,2837,0
3.316,-0.43197,2840,0
3.321,-0.42761,2861,0
3.317,-0.42324,2855,0
3.304,-0.41888,2824,0
3.312,-0.41452,2853,0
3.304,-0.41015,2807,0
3.289,-0.40579,2857,0
3.292,-0.40143,2859,0
3.273,-0.39706,2905,0
3.285,-0.3927,2932,0
3.293,-0.38834,2927,0
3.28,-0.38397,2903,0
3.289,-0.37961,2878,0
3.282,-0.37525,2937,0
3.28,-0.37088,2927,0
3.281,-0.36652,2841,0
3.278,-0.36216,2890,0
3.258,-0.35779,2920,0
3.258,-0.35343,2861,0
3.257,-0.34907,2863,0
3.247,-0.3447,2864,0
3.233,-0.34034,2828,0
3.234,-0.33598,2865,0
3.222,-0.33161,2899,0
3.214,-0.32725,2869,0
3.242,-0.32289,2842,0
3.232,-0.31852,2857,0
3.21,-0.31416,2848,0
3.206,-0.3098,2884,0
3.205,-0.30543,2829,0
3.199,-0.30107,2839,0
3.199,-0.29671,2883,0
3.197,-0.29234,2864,0
3.195,-0.28798,2853,0
3.186,-0.28362,2884,0
3.174,-0.27925,2899,0
3.176,-0.27489,2935,0
3.164,-0.27053,2852,0
3.165,-0.26616,2911,0
3.171,-0.2618,2905,0
3.153,-0.25744,2919,0
3.163,-0.25307,2889,0
3.165,-0.24871,2845,0
3.145,-0.24435,2906,0
3.144,-0.23998,2872,0
3.153,-0.23562,2861,0
3.151,-0.23126,2822,0
3.155,-0.22689,2861,0
3.148,-0.22253,2867,0
3.148,-0.21817,2835,0
3.153,-0.2138,2837,0
3.15,-0.20944,2843,0
3.145,-0.20508,2766,0
3.142,-0.20071,2821,0
3.143,-0.19635,2791,0
3.147,-0.19199,2782,0
3.141,-0.18762,2803,0
3.139,-0.18326,2801,0
3.132,-0.1789,2820,0
3.119,-0.17453,2832,0
3.118,-0.17017,2811,0
3.108,-0.16581,2828,0
3.102,-0.16144,2869,0
3.096,-0.15708,2918,0
3.101,-0.15272,2884,0
3.098,-0.14835,2918,0
3.087,-0.14399,2958,0
3.079,-0.13963,2910,0
3.081,-0.13526,2923,0
3.08,-0.1309,2948,0
3.078,-0.12654,2909,0
3.077,-0.12217,2871,0
3.071,-0.11781,2866,0
3.088,-0.11345,2933,0
3.087,-0.10908,2872,0
3.074,-0.10472,2892,0
3.086,-0.10036,2877,0
3.084,-0.095993,2871,0
3.079,-0.09163,2849,0
3.082,-0.087266,2851,0
3.074,-0.082903,2874,0
3.081,-0.07854,2863,0
3.08,-0.074176,2808,0
3.075,-0.069813,2889,0
3.078,-0.06545,2836,0
3.079,-0.061087,2866,0
3.085,-0.056723,2883,0
3.071,-0.05236,2862,0
3.074,-0.047997,2807,0
3.088,-0.043633,2797,0
3.075,-0.03927,2831,0
3.071,-0.034907,2805,0
3.075,-0.030543,2807,0
3.076,-0.02618,2854,0
3.061,-0.021817,2890,0
3.071,-0.017453,2897,0
3.064,-0.01309,2864,0
3.062,-0.0087266,2832,0
3.054,-0.0043633,2831,0
3.054,0,2809,0
3.07,0.0043633,2874,0
3.071,0.0087266,2907,0
3.078,0.01309,2908,0
3.066,0.017453,2962,0
3.071,0.021817,2905,0
3.071,0.02618,2912,0
3.071,0.030543,2849,0
3.072,0.034907,2868,0
3.07,0.03927,2854,0
3.073,0.043633,2851,0
3.077,0.047997,2888,0
3.078,0.05236,2833,0
3.09,0.056723,2862,0
3.082,0.061087,2866,0
3.078,0.06545,2841,0
3.073,0.069813,2772,0
3.086,0.074176,2842,0
3.063,0.07854,2936,0
3.067,0.082903,2913,0
3.066,0.087266,2863,0
3.074,0.09163,2886,0
3.084,0.095993,2930,0
3.085,0.10036,2853,0
3.078,0.10472,2796,0
3.077,0.10908,2846,0
3.1,0.11345,2787,0
3.105,0.11781,2810,0
3.089,0.12217,2828,0
3.099,0.12654,2843,0
3.115,0.1309,2839,0
3.107,0.13526,2815,0
3.12,0.13963,2880,0
3.11,0.14399,2881,0
3.104,0.14835,2867,0
3.115,0.15272,2912,0
3.101,0.15708,2874,0
3.129,0.16144,2865,0
3.128,0.16581,2853,0
3.122,0.17017,2851,0
3.129,0.17453,2867,0
3.135,0.1789,2912,0
3.144,0.18326,2860,0
3.139,0.18762,2899,0
3.152,0.19199,2870,0
3.148,0.19635,2853,0
3.148,0.20071,2891,0
3.158,0.20508,2870,0
3.161,0.20944,2885,0
3.164,0.2138,2836,0
3.17,0.21817,2853,0
3.17,0.22253,2832,0
3.176,0.22689,2896,0
3.16,0.23126,2853,0
3.147,0.23562,2847,0
3.151,0.23998,2865,0
3.158,0.24435,2832,0
3.166,0.24871,2839,0
3.172,0.25307,2847,0
3.175,0.25744,2899,0
3.177,0.2618,2826,0
3.192,0.26616,2834,0
3.191,0.27053,2820,0
3.186,0.27489,2821,0
3.194,0.27925,2837,0
3.195,0.28362,2817,0
3.19,0.28798,2826,0
3.2,0.29234,2873,0
3.194,0.29671,2829,0
3.19,0.30107,2858,0
3.196,0.30543,2862,0
3.202,0.3098,2836,0
3.188,0.31416,2861,0
3.175,0.31852,2826,0
3.197,0.32289,2814,0
3.213,0.32725,2848,0
3.219,0.33161,2728,0
3.225,0.33598,2719,0
3.227,0.34034,2770,0
3.23,0.3447,2868,0
3.229,0.34907,2837,0
3.247,0.35343,2833,0
3.259,0.35779,2778,0
3.256,0.36216,2830,0
3.251,0.36652,2800,0
3.264,0.37088,2848,0
3.258,0.37525,2814,0
3.271,0.37961,2833,0
3.282,0.38397,2803,0
3.287,0.38834,2806,0
3.276,0.3927,2817,0
3.276,0.39706,2807,0
3.291,0.40143,2807,0
3.295,0.40579,2880,0
3.296,0.41015,2812,0
3.3,0.41452,2787,0
3.317,0.41888,2790,0
3.321,0.42324,2828,0
3.334,0.42761,2808,0
3.331,0.43197,2858,0
3.347,0.43633,2825,0
3.357,0.4407,2803,0
3.355,0.44506,2832,0
3.365,0.44942,2769,0
3.37,0.45379,2839,0
3.382,0.45815,2815,0
3.397,0.46251,2805,0
3.407,0.46688,2784,0
3.415,0.47124,2739,0
3.416,0.4756,2724,0
3.432,0.47997,2767,0
3.459,0.48433,2772,0
3.476,0.48869,2758,0
3.476,0.49306,2759,0
3.48,0.49742,2808,0
3.507,0.50178,2788,0
3.503,0.50615,2803,0
3.502,0.51051,2769,0
3.509,0.51487,2801,0
3.498,0.51924,2801,0
3.501,0.5236,2814,0
3.516,0.52796,2770,0
3.52,0.53233,2824,0
3.526,0.53669,2815,0
3.55,0.54105,2784,0
3.552,0.54542,2816,0
3.548,0.54978,2777,0
3.576,0.55414,2782,0
3.557,0.55851,2836,0
3.569,0.56287,2803,0
3.591,0.56723,2769,0
3.6,0.5716,2789,0
3.601,0.57596,2783,0
3.602,0.58032,2794,0
3.607,0.58469,2777,0
3.628,0.58905,2734,0
3.639,0.59341,2737,0
3.652,0.59778,2771,0
3.676,0.60214,2757,0
3.696,0.6065,2758,0
3.729,0.61087,2704,0
3.725,0.61523,2800,0
3.731,0.61959,2777,0
3.758,0.62396,2797,0
3.775,0.62832,2765,0
3.794,0.63268,2799,0
3.797,0.63705,2783,0
3.833,0.64141,2706,0
3.839,0.64577,2757,0
3.847,0.65014,2748,0
3.845,0.6545,2781,0
3.844,0.65886,2797,0
3.852,0.66323,2782,0
3.867,0.66759,2802,0
3.888,0.67195,2781,0
3.908,0.67632,2741,0
3.915,0.68068,2723,0
3.942,0.68504,2719,0
3.963,0.68941,2745,0
3.979,0.69377,2726,0
4,0.69813,2670,0
4.022,0.70249,2720,0
4.033,0.70686,2694,0
4.046,0.71122,2753,0
4.044,0.71558,2694,0
4.074,0.71995,2718,0
4.111,0.72431,2642,0
4.129,0.72867,2738,0
4.141,0.73304,2674,0
4.167,0.7374,2675,0
4.188,0.74176,2665,0
4.205,0.74613,2633,0
4.206,0.75049,2645,0
4.229,0.75485,2651,0
4.253,0.75922,2620,0
4.264,0.76358,2639,0
4.272,0.76794,2603,0
4.291,0.77231,2651,0
4.295,0.77667,2658,0
4.292,0.78103,2648,0
4.294,0.7854,2669,0
4.286,0.78976,2631,0
4.287,0.79412,2630,0
4.276,0.79849,2559,0
4.293,0.80285,2445,0
4.294,0.80721,2434,0
4.304,0.81158,2234,0
4.306,0.81594,1991,0
4.28,0.8203,2074,0
4.284,0.82467,1992,0
4.286,0.82903,1498,0
4.26,0.83339,1409,0
4.247,0.83776,1404,0
4.24,0.84212,1419,0
4.229,0.84648,1189,0
4.218,0.85085,1075,0
4.23,0.85521,1110,0
4.216,0.85957,1099,0
4.212,0.86394,1055,0
4.192,0.8683,1031,0
4.186,0.87266,1096,0
4.17,0.87703,1055,0
4.203,0.88139,1057,0
4.194,0.88575,1094,0
4.171,0.89012,1096,0
4.178,0.89448,1146,0
4.168,0.89884,1072,0
4.158,0.90321,1045,0
4.169,0.90757,998,0
4.153,0.91193,1050,0
4.147,0.9163,1004,0
4.143,0.92066,1063,0
4.136,0.92502,1016,0
4.148,0.92939,1017,0
4.129,0.93375,988,0
4.145,0.93811,1041,0
4.136,0.94248,1169,0
4.127,0.94684,1196,0
4.117,0.9512,1376,0
4.114,0.95557,1499,0
4.104,0.95993,1439,0
4.13,0.96429,1476,0
4.118,0.96866,1491,0
4.126,0.97302,2105,0
4.132,0.97738,2041,0
4.114,0.98175,2171,0
4.111,0.98611,2280,0
4.111,0.99047,2427,0
4.107,0.99484,2498,0
4.103,0.9992,2541,0
4.1,1.0036,2562,0
4.095,1.0079,2582,0
4.088,1.0123,2561,0
4.092,1.0167,2593,0
4.089,1.021,2633,0
4.085,1.0254,2563,0
4.078,1.0297,2589,0
4.077,1.0341,2624,0
4.064,1.0385,2612,0
4.064,1.0428,2572,0
4.071,1.0472,2586,0
4.068,1.0516,2582,0
4.076,1.0559,2571,0
4.071,1.0603,2599,0
4.069,1.0647,2615,0
4.078,1.069,2596,0
4.065,1.0734,2584,0
4.061,1.0777,2573,0
4.065,1.0821,2607,0
4.068,1.0865,2558,0
4.057,1.0908,2578,0
4.062,1.0952,2636,0
4.059,1.0996,2571,0
4.058,1.1039,2565,0
4.06,1.1083,2564,0
4.051,1.1126,2606,0
4.054,1.117,2583,0
4.058,1.1214,2571,0
4.054,1.1257,2598,0
4.056,1.1301,2579,0
4.062,1.1345,2555,0
4.049,1.1388,2607,0
4.051,1.1432,2566,0
4.055,1.1476,2589,0
4.06,1.1519,2588,0
4.052,1.1563,2586,0
4.065,1.1606,2625,0
4.054,1.165,2585,0
4.057,1.1694,2605,0
4.055,1.1737,2587,0
4.05,1.1781,2644,0
4.059,1.1825,2574,0
4.063,1.1868,2590,0
4.06,1.1912,2580,0
4.032,1.1956,2591,0
4.135,1.1999,2533,0
3.723,1.2043,2995,0
3.445,1.2086,2322,0
3.423,1.213,1802,0
3.704,1.2174,2591,0
4.137,1.2217,2547,0
4.142,1.2261,2564,0
3.977,1.2305,2516,0
3.976,1.2348,2599,0
4.078,1.2392,1849,0
2.996,1.2435,2270,0
2.998,1.2479,1971,0
3.895,1.2523,1436,0
3.591,1.2566,2366,0
3.57,1.261,2628,0
3.685,1.2654,2600,0
4.188,1.2697,2254,0
4.06,1.2741,2569,0
4.099,1.2785,2502,0
4.121,1.2828,2429,0
4.151,1.2872,1055,0
3.059,1.2915,1940,0
3.058,1.2959,1255,0
3.06,1.3003,1048,0
4.219,1.3046,430,0
3.086,1.309,1393,0
3.057,1.3134,1319,0
3.082,1.3177,1435,0
3.055,1.3221,1265,0
3.028,1.3265,2181,0
3.076,1.3308,1929,0
4.214,1.3352,1761,0
4.172,1.3395,2411,0
3.852,1.3439,2860,0
4.162,1.3483,2515,0
4.114,1.3526,2525,0
3.437,1.357,3681,0
3.357,1.3614,3040,0
3.368,1.3657,3004,0
4.066,1.3701,2471,0
4.154,1.3744,2499,0
4.166,1.3788,2460,0
4.18,1.3832,2416,0
4.177,1.3875,2478,0
4.192,1.3919,2468,0
4.197,1.3963,2481,0
4.194,1.4006,2440,0
4.198,1.405,2471,0
4.182,1.4094,2456,0
4.193,1.4137,2443,0
4.216,1.4181,2466,0
4.229,1.4224,2436,0
4.226,1.4268,2404,0
4.23,1.4312,2437,0
4.237,1.4355,2421,0
4.244,1.4399,2411,0
4.246,1.4443,2422,0
4.263,1.4486,2401,0
4.267,1.453,2432,0
4.266,1.4573,2449,0
4.272,1.4617,2406,0
4.28,1.4661,2393,0
4.287,1.4704,2408,0
4.3,1.4748,2462,0
4.301,1.4792,2530,0
4.301,1.4835,2473,0
4.272,1.4879,2133,0
4.22,1.4923,2017,0
4.181,1.4966,1891,0
4.148,1.501,1975,0
4.102,1.5053,1884,0
4.043,1.5097,1813,0
4.011,1.5141,1896,0
3.968,1.5184,1891,0
3.923,1.5228,1887,0
3.872,1.5272,1186,0
0.534,1.5315,3406,0
0.519,1.5359,3666,0
0.519,1.5403,3847,0
0.527,1.5446,3996,0
0.525,1.549,4236,0
0.511,1.5533,4338,0
0.511,1.5577,4498,0
0.511,1.5621,4564,0
0.515,1.5664,4582,0
0.5,1.5708,4650,0
0.501,1.5752,4616,0
0.483,1.5795,4187,0
0.455,1.5839,3692,0
0.423,1.5882,3378,0
0.407,1.5926,3317,0
0.406,1.597,3341,0
0.399,1.6013,3385,0
0.39,1.6057,3419,0
0.376,1.6101,3420,0
0.389,1.6144,3399,0
0.378,1.6188,3434,0
0.365,1.6232,3403,0
0.367,1.6275,3349,0
0.364,1.6319,3363,0
0.347,1.6362,3302,0
0.344,1.6406,3315,0
0.323,1.645,3353,0
0.331,1.6493,3492,0
0.335,1.6537,3520,0
0.338,1.6581,3646,0
0.331,1.6624,3600,0
0.322,1.6668,3673,0
0.332,1.6712,3661,0
0.33,1.6755,3637,0
0.321,1.6799,3744,0
0.316,1.6842,3643,0
0.318,1.6886,3626,0
0.322,1.693,3572,0
0.316,1.6973,3592,0
0.309,1.7017,3557,0
0.311,1.7061,3556,0
0.306,1.7104,3548,0
0.306,1.7148,3522,0
0.305,1.7191,3489,0
0.291,1.7235,3537,0
0.312,1.7279,3487,0
0.306,1.7322,3430,0
0.31,1.7366,3473,0
0.302,1.741,3492,0
0.3,1.7453,3480,0
0.291,1.7497,3448,0
0.299,1.7541,3418,0
0.3,1.7584,3364,0
0.291,1.7628,3383,0
0.299,1.7671,3425,0
0.281,1.7715,3370,0
0.285,1.7759,3352,0
0.3,1.7802,3388,0
0.282,1.7846,3359,0
0.285,1.789,3374,0
0.286,1.7933,3354,0
0.28,1.7977,3347,0
0.267,1.8021,3352,0
0.288,1.8064,3335,0
0.271,1.8108,3381,0
0.28,1.8151,3335,0
0.278,1.8195,3388,0
0.281,1.8239,3357,0
0.281,1.8282,3370,0
0.277,1.8326,3368,0
0.268,1.837,3357,0
0.283,1.8413,3339,0
0.276,1.8457,3390,0
0.273,1.85,3329,0
0.276,1.8544,3339,0
0.275,1.8588,3349,0
0.263,1.8631,3410,0
0.269,1.8675,3426,0
0.269,1.8719,3372,0
0.257,1.8762,3356,0
0.268,1.8806,3387,0
0.275,1.885,3337,0
0.262,1.8893,3410,0
0.269,1.8937,3332,0
0.27,1.898,3412,0
0.258,1.9024,3383,0
0.259,1.9068,3355,0
0.257,1.9111,3396,0
0.262,1.9155,3345,0
0.263,1.9199,3381,0
0.266,1.9242,3368,0
0.269,1.9286,3367,0
0.258,1.933,3384,0
0.264,1.9373,3350,0
0.257,1.9417,3384,0
0.25,1.946,3375,0
0.253,1.9504,3386,0
0.238,1.9548,3380,0
0.255,1.9591,3390,0
0.256,1.9635,3365,0
0.262,1.9679,3375,0
0.255,1.9722,3347,0
0.247,1.9766,3371,0
0.26,1.9809,3373,0
0.249,1.9853,3342,0
0.249,1.9897,3355,0
0.254,1.994,3329,0
0.257,1.9984,3358,0
0.246,2.0028,3260,0
0.261,2.0071,3331,0
0.248,2.0115,3313,0
0.245,2.0159,3308,0
0.258,2.0202,3284,0
0.251,2.0246,3320,0
0.24,2.0289,3302,0
0.234,2.0333,3291,0
0.252,2.0377,3331,0
0.252,2.042,3342,0
0.253,2.0464,3263,0
0.265,2.0508,3298,0
0.246,2.0551,3294,0
0.248,2.0595,3238,0
0.262,2.0639,3256,0
0.252,2.0682,3203,0
0.243,2.0726,3274,0
0.257,2.0769,3226,0
0.247,2.0813,3183,0
0.254,2.0857,3213,0
0.247,2.09,3206,0
0.256,2.0944,3194,0
0.242,2.0988,3227,0
0.235,2.1031,3249,0
0.24,2.1075,3295,0
0.253,2.1118,3187,0
0.26,2.1162,3242,0
0.25,2.1206,3265,0
0.244,2.1249,3240,0
0.253,2.1293,3245,0
0.245,2.1337,3254,0
0.245,2.138,3238,0
0.248,2.1424,3182,0
0.244,2.1468,3167,0
0.24,2.1511,3146,0
0.248,2.1555,3256,0
0.255,2.1598,3228,0
0.25,2.1642,3262,0
0.257,2.1686,3194,0
0.255,2.1729,3228,0
0.25,2.1773,3224,0
0.24,2.1817,3207,0
0.226,2.186,3185,0
0.252,2.1904,3077,0
0.252,2.1948,3098,0
0.251,2.1991,3082,0
0.252,2.2035,3083,0
0.249,2.2078,3066,0
0.245,2.2122,3039,0
0.247,2.2166,3025,0
0.252,2.2209,3081,0
0.241,2.2253,3087,0
0.257,2.2297,3069,0
0.259,2.234,3024,0
0.26,2.2384,3072,0
0.261,2.2427,3079,0
0.245,2.2471,3104,0
0.249,2.2515,3025,0
0.26,2.2558,3009,0
0.266,2.2602,3029,0
0.265,2.2646,3019,0
0.253,2.2689,3021,0
0.263,2.2733,3027,0
0.26,2.2777,3042,0
0.261,2.282,3030,0
0.269,2.2864,3017,0
0.263,2.2907,3033,0
0.264,2.2951,3038,0
0.283,2.2995,3028,0
0.273,2.3038,3012,0
0.265,2.3082,3032,0
0.282,2.3126,3059,0
0.262,2.3169,2982,0
0.268,2.3213,3027,0
0.273,2.3257,3050,0
0.29,2.33,3009,0
0.272,2.3344,3007,0
0.279,2.3387,3020,0
0.291,2.3431,3036,0
0.285,2.3475,2990,0
0.288,2.3518,3018,0
0.288,2.3562,3038,0
