4.436,-2.3562,2375,0
4.457,-2.3518,2384,0
4.465,-2.3475,2360,0
4.488,-2.3431,2378,0
4.502,-2.3387,2402,0
4.527,-2.3344,2375,0
4.542,-2.33,2359,0
4.561,-2.3257,2392,0
4.572,-2.3213,2352,0
4.588,-2.3169,2367,0
4.597,-2.3126,2348,0
4.639,-2.3082,2347,0
4.647,-2.3038,2355,0
4.678,-2.2995,2391,0
4.694,-2.2951,2391,0
4.713,-2.2907,2398,0
4.729,-2.2864,2355,0
4.762,-2.282,2432,0
4.771,-2.2777,2434,0
4.799,-2.2733,2429,0
4.815,-2.2689,2392,0
4.839,-2.2646,2311,0
4.842,-2.2602,2245,0
4.862,-2.2558,2213,0
4.861,-2.2515,2225,0
4.856,-2.2471,2265,0
4.877,-2.2427,2235,0
4.878,-2.2384,2228,0
4.852,-2.234,2150,0
4.827,-2.2297,1967,0
4.804,-2.2253,1950,0
4.782,-2.2209,2087,0
4.787,-2.2166,2166,0
4.783,-2.2122,2167,0
4.801,-2.2078,2213,0
4.79,-2.2035,2200,0
4.809,-2.1991,2240,0
4.806,-2.1948,2236,0
4.832,-2.1904,2216,0
4.887,-2.186,2227,0
4.911,-2.1817,2190,0
4.918,-2.1773,2212,0
4.926,-2.1729,2174,0
4.933,-2.1686,2184,0
4.94,-2.1642,2185,0
4.941,-2.1598,2169,0
4.93,-2.1555,2220,0
4.96,-2.1511,2209,0
4.959,-2.1468,2203,0
4.962,-2.1424,2218,0
4.96,-2.138,2206,0
4.98,-2.1337,2211,0
4.986,-2.1293,2211,0
4.99,-2.1249,2198,0
4.994,-2.1206,2217,0
4.992,-2.1162,2202,0
4.995,-2.1118,2205,0
5.007,-2.1075,2169,0
5.008,-2.1031,2208,0
5.018,-2.0988,2252,0
5.039,-2.0944,2164,0
5.036,-2.09,2165,0
5.035,-2.0857,2187,0
5.043,-2.0813,2214,0
5.051,-2.0769,2210,0
5.043,-2.0726,2161,0
5.065,-2.0682,2188,0
5.074,-2.0639,2216,0
5.078,-2.0595,2127,0
5.096,-2.0551,2081,0
5.079,-2.0508,2100,0
5.112,-2.0464,2026,0
5.098,-2.042,1720,0
5.004,-2.0377,1583,0
4.974,-2.0333,2225,0
4.972,-2.0289,2293,0
4.959,-2.0246,2316,0
4.966,-2.0202,2264,0
5.01,-2.0159,2132,0
5.113,-2.0115,2120,0
5.151,-2.0071,2245,0
5.129,-2.0028,2072,0
5.137,-1.9984,1968,0
5.103,-1.994,2043,0
5.074,-1.9897,1978,0
5.065,-1.9853,2010,0
5.038,-1.9809,1971,0
4.997,-1.9766,1960,0
4.976,-1.9722,1998,0
4.946,-1.9679,2012,0
4.933,-1.9635,2010,0
4.905,-1.9591,2036,0
4.875,-1.9548,2055,0
4.846,-1.9504,2083,0
4.841,-1.946,2071,0
4.806,-1.9417,2101,0
4.787,-1.9373,2084,0
4.766,-1.933,2098,0
4.733,-1.9286,2096,0
4.707,-1.9242,2139,0
4.683,-1.9199,2152,0
4.661,-1.9155,2169,0
4.653,-1.9111,2162,0
4.634,-1.9068,2174,0
4.614,-1.9024,2192,0
4.592,-1.898,2277,0
4.572,-1.8937,2238,0
4.559,-1.8893,2183,0
4.535,-1.885,2190,0
4.512,-1.8806,2213,0
4.49,-1.8762,2284,0
4.469,-1.8719,2252,0
4.46,-1.8675,2244,0
4.433,-1.8631,2279,0
4.422,-1.8588,2298,0
4.407,-1.8544,2340,0
4.39,-1.85,2337,0
4.367,-1.8457,2355,0
4.326,-1.8413,2364,0
4.327,-1.837,2336,0
4.319,-1.8326,2333,0
4.298,-1.8282,2365,0
4.28,-1.8239,2396,0
4.273,-1.8195,2363,0
4.257,-1.8151,2419,0
4.237,-1.8108,2391,0
4.21,-1.8064,2402,0
4.209,-1.8021,2390,0
4.192,-1.7977,2395,0
4.18,-1.7933,2463,0
4.158,-1.789,2423,0
4.149,-1.7846,2452,0
4.126,-1.7802,2452,0
4.113,-1.7759,2449,0
4.087,-1.7715,2470,0
4.088,-1.7671,2442,0
4.069,-1.7628,2475,0
4.055,-1.7584,2476,0
4.039,-1.7541,2486,0
4.02,-1.7497,2517,0
4.011,-1.7453,2488,0
4.001,-1.741,2523,0
3.984,-1.7366,2495,0
3.983,-1.7322,2483,0
3.965,-1.7279,2486,0
3.958,-1.7235,2470,0
3.935,-1.7191,2545,0
3.906,-1.7148,2544,0
3.909,-1.7104,2550,0
3.897,-1.7061,2547,0
3.899,-1.7017,2574,0
3.882,-1.6973,2549,0
3.873,-1.693,2555,0
3.868,-1.6886,2554,0
3.848,-1.6842,2522,0
3.832,-1.6799,2534,0
3.819,-1.6755,2476,0
3.803,-1.6712,2313,0
3.773,-1.6668,2032,0
3.763,-1.6624,2164,0
3.77,-1.6581,2426,0
3.775,-1.6537,2555,0
3.759,-1.6493,2623,0
3.736,-1.645,2607,0
3.73,-1.6406,2612,0
3.738,-1.6362,2643,0
3.727,-1.6319,2582,0
3.713,-1.6275,2607,0
3.708,-1.6232,2633,0
3.702,-1.6188,2612,0
3.681,-1.6144,2586,0
3.683,-1.6101,2603,0
3.662,-1.6057,2623,0
3.654,-1.6013,2595,0
3.667,-1.597,2630,0
3.64,-1.5926,2636,0
3.635,-1.5882,2619,0
3.63,-1.5839,2664,0
3.623,-1.5795,2687,0
3.609,-1.5752,2665,0
3.606,-1.5708,2646,0
3.605,-1.5664,2653,0
3.574,-1.5621,2627,0
3.567,-1.5577,2618,0
3.558,-1.5533,2673,0
3.516,-1.549,2671,0
3.499,-1.5446,2645,0
3.494,-1.5403,2606,0
3.466,-1.5359,2613,0
3.455,-1.5315,2662,0
3.384,-1.5272,2581,0
3.325,-1.5228,2454,0
3.337,-1.5184,2520,0
3.408,-1.5141,2672,0
3.471,-1.5097,2685,0
3.479,-1.5053,2734,0
3.527,-1.501,2685,0
2.672,-1.4966,4153,0
2.606,-1.4923,3592,0
2.581,-1.4879,3215,0
2.574,-1.4835,3224,0
2.601,-1.4792,3481,0
2.618,-1.4748,4001,0
2.704,-1.4704,3912,0
3.398,-1.4661,2727,0
3.432,-1.4617,2648,0
3.428,-1.4573,2616,0
3.435,-1.453,2577,0
3.418,-1.4486,2638,0
3.419,-1.4443,2598,0
3.41,-1.4399,2595,0
3.411,-1.4355,2643,0
3.405,-1.4312,2620,0
3.399,-1.4268,2632,0
3.389,-1.4224,2620,0
3.374,-1.4181,2627,0
3.387,-1.4137,2651,0
3.378,-1.4094,2644,0
3.366,-1.405,2652,0
3.356,-1.4006,2657,0
3.351,-1.3963,2661,0
3.361,-1.3919,2687,0
3.351,-1.3875,2665,0
3.356,-1.3832,2677,0
3.351,-1.3788,2661,0
3.352,-1.3744,2683,0
3.346,-1.3701,2699,0
3.334,-1.3657,2736,0
3.344,-1.3614,2691,0
3.331,-1.357,2511,0
3.329,-1.3526,2308,0
3.343,-1.3483,2082,0
3.338,-1.3439,2060,0
3.331,-1.3395,2099,0
3.343,-1.3352,2100,0
3.398,-1.3308,2024,0
2.355,-1.3265,3536,0
2.303,-1.3221,3263,0
2.268,-1.3177,3220,0
2.275,-1.3134,3267,0
2.293,-1.309,3224,0
2.283,-1.3046,3234,0
2.274,-1.3003,3247,0
2.281,-1.2959,3106,0
2.294,-1.2915,2794,0
2.252,-1.2872,2893,0
2.215,-1.2828,2926,0
2.185,-1.2785,2829,0
2.152,-1.2741,2761,0
2.116,-1.2697,2817,0
2.122,-1.2654,2815,0
2.104,-1.261,2858,0
2.106,-1.2566,2892,0
2.098,-1.2523,2888,0
2.101,-1.2479,2886,0
2.106,-1.2435,2847,0
2.094,-1.2392,2842,0
2.083,-1.2348,2818,0
2.101,-1.2305,2711,0
2.118,-1.2261,2540,0
2.115,-1.2217,2347,0
2.115,-1.2174,2251,0
2.113,-1.213,2237,0
2.122,-1.2086,2257,0
2.112,-1.2043,2236,0
2.112,-1.1999,2291,0
2.113,-1.1956,2261,0
2.107,-1.1912,2245,0
2.112,-1.1868,2279,0
2.11,-1.1825,2255,0
2.102,-1.1781,2249,0
2.103,-1.1737,2368,0
2.11,-1.1694,2483,0
2.099,-1.165,2489,0
2.085,-1.1606,2557,0
2.078,-1.1563,2654,0
2.084,-1.1519,2709,0
2.1,-1.1476,2615,0
2.097,-1.1432,2532,0
2.099,-1.1388,2567,0
2.102,-1.1345,2499,0
2.096,-1.1301,2540,0
2.094,-1.1257,2699,0
2.083,-1.1214,2801,0
2.093,-1.117,2889,0
2.091,-1.1126,2970,0
2.094,-1.1083,3028,0
2.074,-1.1039,3189,0
2.07,-1.0996,3335,0
2.066,-1.0952,3419,0
2.057,-1.0908,3402,0
2.046,-1.0865,3357,0
2.018,-1.0821,3370,0
1.986,-1.0777,3357,0
1.986,-1.0734,3388,0
1.965,-1.069,3391,0
1.949,-1.0647,3411,0
1.946,-1.0603,3403,0
1.938,-1.0559,3395,0
1.919,-1.0516,3404,0
1.917,-1.0472,3378,0
1.895,-1.0428,3359,0
1.869,-1.0385,3390,0
1.875,-1.0341,3405,0
1.865,-1.0297,3408,0
1.827,-1.0254,3373,0
1.825,-1.021,3418,0
1.815,-1.0167,3386,0
1.786,-1.0123,3425,0
1.778,-1.0079,3467,0
1.774,-1.0036,3469,0
1.729,-0.9992,3470,0
1.717,-0.99484,3471,0
1.724,-0.99047,3497,0
1.709,-0.98611,3489,0
1.697,-0.98175,3449,0
1.684,-0.97738,3487,0
1.67,-0.97302,3516,0
1.673,-0.96866,3517,0
1.648,-0.96429,3506,0
1.636,-0.95993,3494,0
1.619,-0.95557,3530,0
1.609,-0.9512,3570,0
1.599,-0.94684,3569,0
1.585,-0.94248,3576,0
1.579,-0.93811,3586,0
1.561,-0.93375,3568,0
1.565,-0.92939,3555,0
1.554,-0.92502,3553,0
1.516,-0.92066,3581,0
1.534,-0.9163,3516,0
1.526,-0.91193,3479,0
1.502,-0.90757,3532,0
1.501,-0.90321,3614,0
1.495,-0.89884,3635,0
1.471,-0.89448,3600,0
1.451,-0.89012,3611,0
1.38,-0.88575,3759,1
1.252,-0.88139,3965,1
1.209,-0.87703,3966,1
1.19,-0.87266,3878,1
1.167,-0.8683,3739,1
1.165,-0.86394,3642,1
1.157,-0.85957,3602,1
1.141,-0.85521,3614,1
1.148,-0.85085,3598,1
1.134,-0.84648,3636,1
1.123,-0.84212,3667,1
1.123,-0.83776,3593,1
1.096,-0.83339,3680,1
1.084,-0.82903,3679,1
1.109,-0.82467,3652,1
1.089,-0.8203,3676,1
1.083,-0.81594,3709,1
1.083,-0.81158,3725,1
1.081,-0.80721,3738,1
1.061,-0.80285,3809,1
1.07,-0.79849,3765,1
1.06,-0.79412,3787,1
1.042,-0.78976,3740,1
1.04,-0.7854,3721,1
1.046,-0.78103,3744,1
1.021,-0.77667,3890,1
1.032,-0.77231,4061,1
1.043,-0.76794,3808,1
1.077,-0.76358,3647,1
1.146,-0.75922,3523,1
1.167,-0.75485,3615,1
1.194,-0.75049,3926,1
1.189,-0.74613,3930,1
1.202,-0.74176,4033,0
1.198,-0.7374,4101,0
1.19,-0.73304,4104,0
1.183,-0.72867,4107,0
1.176,-0.72431,4054,0
1.175,-0.71995,4140,0
1.169,-0.71558,4235,0
1.154,-0.71122,4198,0
1.166,-0.70686,4252,0
1.156,-0.7025,4229,0
1.149,-0.69813,4208,0
1.146,-0.69377,4218,0
1.137,-0.68941,4191,0
1.126,-0.68504,4235,0
1.137,-0.68068,4323,0
1.116,-0.67632,4353,0
1.106,-0.67195,4275,0
1.121,-0.66759,4286,0
1.111,-0.66323,4410,0
1.101,-0.65886,4477,0
1.105,-0.6545,4398,0
1.103,-0.65014,4411,0
1.091,-0.64577,4424,0
1.092,-0.64141,4380,0
1.103,-0.63705,4454,0
1.087,-0.63268,4360,0
1.075,-0.62832,4316,0
1.08,-0.62396,4373,0
1.061,-0.61959,4420,0
1.076,-0.61523,4465,0
1.06,-0.61087,4566,0
1.053,-0.6065,4539,0
1.056,-0.60214,4504,0
1.055,-0.59778,4483,0
1.027,-0.59341,4613,0
1.008,-0.58905,4663,0
1.05,-0.58469,4673,0
1.04,-0.58032,4578,0
1.026,-0.57596,4681,0
1.042,-0.5716,4809,0
1.026,-0.56723,4812,0
1.026,-0.56287,4705,0
1.022,-0.55851,4594,0
1.011,-0.55414,4483,0
1.018,-0.54978,4509,0
1.004,-0.54542,4599,0
1.006,-0.54105,4711,0
1.001,-0.53669,4744,0
0.991,-0.53233,4725,0
1.001,-0.52796,4605,0
1.006,-0.5236,4485,0
0.994,-0.51924,4576,0
0.992,-0.51487,4660,0
0.992,-0.51051,4836,0
0.978,-0.50615,4986,0
0.964,-0.50178,4965,0
0.974,-0.49742,4854,0
0.973,-0.49306,4690,0
0.967,-0.48869,4560,0
0.975,-0.48433,4544,0
0.987,-0.47997,4606,0
0.967,-0.4756,4638,0
0.97,-0.47124,4527,0
0.962,-0.46688,4667,0
0.966,-0.46251,4725,0
0.977,-0.45815,4659,0
0.959,-0.45379,4719,0
0.963,-0.44942,4771,0
0.948,-0.44506,4755,0
0.956,-0.4407,4765,0
0.95,-0.43633,4801,0
0.926,-0.43197,4987,0
0.947,-0.42761,4922,0
0.919,-0.42324,4866,0
0.934,-0.41888,4894,0
0.922,-0.41452,4890,0
0.929,-0.41015,4828,0
0.946,-0.40579,4823,0
0.944,-0.40143,4784,0
0.923,-0.39706,4844,0
0.928,-0.3927,4851,0
0.928,-0.38834,4588,0
0.919,-0.38397,4627,0
0.914,-0.37961,4764,0
0.918,-0.37525,4976,0
0.905,-0.37088,5007,0
0.919,-0.36652,4909,0
0.906,-0.36216,4748,0
0.902,-0.35779,4697,0
0.896,-0.35343,4711,0
0.888,-0.34907,4855,0
0.9,-0.3447,4832,0
0.919,-0.34034,4703,0
0.914,-0.33598,4720,0
0.905,-0.33161,4652,0
0.908,-0.32725,4708,0
0.915,-0.32289,4733,0
0.906,-0.31852,4683,0
0.897,-0.31416,4735,0
0.905,-0.3098,4737,0
0.893,-0.30543,4702,0
0.897,-0.30107,4707,0
0.892,-0.29671,4714,0
0.887,-0.29234,4697,0
0.881,-0.28798,4575,0
0.879,-0.28362,4590,0
0.864,-0.27925,4746,0
0.885,-0.27489,4766,0
0.881,-0.27053,4625,0
0.876,-0.26616,4612,0
0.864,-0.2618,4751,0
0.871,-0.25744,4951,0
0.866,-0.25307,4917,0
0.863,-0.24871,4757,0
0.868,-0.24435,4751,0
0.862,-0.23998,4673,0
0.854,-0.23562,4651,0
0.862,-0.23126,4768,0
0.855,-0.22689,4900,0
0.862,-0.22253,4965,0
0.863,-0.21817,4842,0
0.861,-0.2138,4632,0
0.874,-0.20944,4655,0
0.86,-0.20508,4707,0
0.856,-0.20071,4732,0
0.866,-0.19635,4827,0
0.854,-0.19199,4756,0
0.859,-0.18762,4596,0
0.856,-0.18326,4662,0
0.865,-0.1789,4625,0
0.858,-0.17453,4669,0
0.858,-0.17017,4682,0
0.856,-0.16581,4724,0
0.846,-0.16144,4634,0
0.846,-0.15708,4676,0
0.845,-0.15272,4643,0
0.848,-0.14835,4654,0
0.844,-0.14399,4658,0
0.845,-0.13963,4657,0
0.842,-0.13526,4616,0
0.84,-0.1309,4718,0
0.853,-0.12654,4861,0
0.825,-0.12217,4861,0
0.847,-0.11781,4940,0
0.834,-0.11345,5042,0
0.846,-0.10908,4866,0
0.851,-0.10472,4738,0
0.848,-0.10036,4683,0
0.833,-0.095993,4693,0
0.845,-0.09163,4715,0
0.824,-0.087266,4758,0
0.831,-0.082903,4763,0
0.832,-0.07854,4869,0
0.832,-0.074176,4803,0
0.835,-0.069813,4923,0
0.833,-0.06545,4908,0
0.823,-0.061087,4975,0
0.838,-0.056723,4879,0
0.821,-0.05236,4981,0
0.811,-0.047997,4953,0
0.812,-0.043633,4926,0
0.82,-0.03927,4957,0
0.816,-0.034907,4990,0
0.815,-0.030543,5008,0
0.817,-0.02618,4895,0
0.823,-0.021817,4847,0
0.832,-0.017453,4984,0
0.826,-0.01309,5159,0
0.819,-0.0087266,5146,0
0.823,-0.0043633,4984,0
0.846,0,4870,0
0.831,0.0043633,4934,0
0.82,0.0087266,5023,0
0.823,0.01309,4947,0
0.825,0.017453,4897,0
0.828,0.021817,4774,0
0.831,0.02618,4988,0
0.823,0.030543,5108,0
0.812,0.034907,5245,0
0.824,0.03927,5178,0
0.809,0.043633,5005,0
0.828,0.047997,4915,0
0.831,0.05236,4814,0
0.819,0.056723,4868,0
0.819,0.061087,4791,0
0.842,0.06545,4756,0
0.807,0.069813,4814,0
0.817,0.074176,4810,0
0.83,0.07854,4764,0
0.832,0.082903,4774,0
0.821,0.087266,4901,0
0.813,0.09163,4945,0
0.826,0.095993,5060,0
0.832,0.10036,5163,0
0.827,0.10472,5118,0
0.805,0.10908,5161,0
0.81,0.11345,5081,0
0.846,0.11781,4946,0
0.809,0.12217,4958,0
0.819,0.12654,5004,0
0.821,0.1309,5060,0
0.823,0.13526,5102,0
0.832,0.13963,5080,0
0.833,0.14399,5120,0
0.812,0.14835,5048,0
0.825,0.15272,4987,0
0.849,0.15708,4980,0
0.831,0.16144,4968,0
0.823,0.16581,4848,0
0.822,0.17017,4979,0
0.843,0.17453,4852,0
0.823,0.1789,4829,0
0.839,0.18326,4807,0
0.815,0.18762,4878,0
0.804,0.19199,5091,0
0.828,0.19635,5287,0
0.828,0.20071,5311,0
0.825,0.20508,5222,0
0.817,0.20944,5187,0
0.812,0.2138,5253,0
0.828,0.21817,5060,0
0.845,0.22253,5068,0
0.82,0.22689,5104,0
0.828,0.23126,5074,0
0.823,0.23562,5007,0
0.843,0.23998,4937,0
0.849,0.24435,4948,0
0.84,0.24871,4793,0
0.849,0.25307,4838,0
0.833,0.25744,4901,0
0.85,0.2618,4897,0
0.826,0.26616,4866,0
0.828,0.27053,4819,0
0.848,0.27489,4704,0
0.846,0.27925,4845,0
0.857,0.28362,4831,0
0.856,0.28798,4826,0
0.847,0.29234,4825,0
0.856,0.29671,4768,0
0.86,0.30107,4821,0
0.858,0.30543,4851,0
0.857,0.3098,4910,0
0.865,0.31416,5010,0
0.864,0.31852,4884,0
0.868,0.32289,4865,0
0.87,0.32725,4823,0
0.863,0.33161,4766,0
0.863,0.33598,4995,0
0.867,0.34034,5121,0
0.849,0.3447,4996,0
0.875,0.34907,4866,0
0.865,0.35343,4805,0
0.863,0.35779,4737,0
0.867,0.36216,4662,0
0.869,0.36652,4667,0
0.873,0.37088,4632,0
0.876,0.37525,4720,0
0.883,0.37961,4663,0
0.875,0.38397,4644,0
0.888,0.38834,4635,0
0.871,0.3927,4681,0
0.876,0.39706,4660,0
0.882,0.40143,4606,0
0.886,0.40579,4571,0
0.889,0.41015,4684,0
0.889,0.41452,4726,0
0.883,0.41888,4842,0
0.878,0.42324,4904,0
0.874,0.42761,4958,0
0.903,0.43197,4882,0
0.898,0.43633,4799,0
0.892,0.4407,4674,0
0.891,0.44506,4604,0
0.904,0.44942,4632,0
0.9,0.45379,4702,0
0.891,0.45815,4821,0
0.899,0.46251,4705,0
0.902,0.46688,4675,0
0.902,0.47124,4661,0
0.914,0.4756,4675,0
0.907,0.47997,4753,0
0.902,0.48433,4680,0
0.921,0.48869,4698,0
0.916,0.49306,4698,0
0.915,0.49742,4689,0
0.906,0.50178,4750,0
0.892,0.50615,4757,0
0.918,0.51051,4784,0
0.927,0.51487,4732,0
0.92,0.51924,4725,0
0.921,0.5236,4673,0
0.927,0.52796,4788,0
0.927,0.53233,4778,0
0.941,0.53669,4743,0
0.926,0.54105,4704,0
0.939,0.54542,4829,0
0.955,0.54978,4720,0
0.96,0.55414,4707,0
0.962,0.55851,4684,0
0.961,0.56287,4579,0
0.964,0.56723,4529,0
0.953,0.5716,4526,0
0.95,0.57596,4594,0
0.96,0.58032,4498,0
0.967,0.58469,4436,0
0.958,0.58905,4519,0
0.984,0.59341,4484,0
0.978,0.59778,4481,0
0.982,0.60214,4529,0
0.985,0.6065,4523,0
0.978,0.61087,4560,0
0.981,0.61523,4516,0
0.995,0.61959,4547,0
0.998,0.62396,4485,0
0.998,0.62832,4534,0
1.002,0.63268,4503,0
1.004,0.63705,4507,0
1.006,0.64141,4477,0
1.014,0.64577,4328,0
0.995,0.65014,4314,0
1.018,0.6545,4339,0
1.007,0.65886,4395,0
1.039,0.66323,4419,0
1.026,0.66759,4428,0
1.041,0.67195,4253,0
1.04,0.67632,4298,0
1.043,0.68068,4345,0
1.051,0.68504,4451,0
1.048,0.68941,4413,0
1.054,0.69377,4417,0
1.056,0.69813,4434,0
1.055,0.7025,4447,0
1.063,0.70686,4349,0
1.071,0.71122,4329,0
1.072,0.71558,4178,0
1.079,0.71995,4195,0
1.075,0.72431,4225,0
1.082,0.72867,4234,0
1.092,0.73304,4269,0
1.079,0.7374,4237,0
1.089,0.74176,4257,0
1.102,0.74613,4159,0
1.096,0.75049,4075,0
1.101,0.75485,4118,0
1.123,0.75922,4196,0
1.12,0.76358,4231,0
1.123,0.76794,4380,0
1.131,0.77231,4325,0
1.121,0.77667,4165,0
1.141,0.78103,4138,0
1.145,0.7854,4175,0
1.142,0.78976,4135,0
1.153,0.79412,4100,0
1.154,0.79849,4045,0
1.168,0.80285,4036,0
1.167,0.80721,4075,0
1.154,0.81158,4063,0
1.16,0.81594,4089,0
1.191,0.8203,4068,0
1.189,0.82467,3979,0
1.187,0.82903,3976,0
1.19,0.83339,4000,0
1.191,0.83776,3983,0
1.2,0.84212,3920,0
1.212,0.84648,3876,0
1.202,0.85085,3894,0
1.219,0.85521,3853,0
1.218,0.85957,3883,0
1.226,0.86394,3890,0
1.228,0.8683,3878,0
1.245,0.87266,3819,0
1.239,0.87703,3776,0
1.258,0.88139,3789,0
1.25,0.88575,3758,0
1.247,0.89012,3835,0
1.247,0.89448,3909,0
1.278,0.89884,3837,0
1.277,0.90321,3793,0
1.285,0.90757,3802,0
1.288,0.91193,3720,0
1.303,0.9163,3722,0
1.308,0.92066,3675,0
1.321,0.92502,3781,0
1.328,0.92939,3779,0
1.325,0.93375,3784,0
1.339,0.93811,3759,0
1.336,0.94248,3756,0
1.342,0.94684,3718,0
1.355,0.9512,3741,0
1.365,0.95557,3717,0
1.38,0.95993,3649,0
1.373,0.96429,3672,0
1.398,0.96866,3688,0
1.4,0.97302,3633,0
1.421,0.97738,3610,0
1.422,0.98175,3592,0
1.442,0.98611,3572,0
1.453,0.99047,3567,0
1.453,0.99484,3560,0
1.467,0.9992,3570,0
1.479,1.0036,3611,0
1.487,1.0079,3591,0
1.501,1.0123,3600,0
1.508,1.0167,3551,0
1.51,1.021,3558,0
1.519,1.0254,3548,0
1.534,1.0297,3563,0
1.541,1.0341,3546,0
1.549,1.0385,3539,0
1.561,1.0428,3509,0
1.548,1.0472,3557,1
1.559,1.0516,3572,1
1.539,1.0559,3525,1
1.517,1.0603,3401,1
1.516,1.0647,3437,1
1.528,1.069,3438,1
1.515,1.0734,3430,1
1.53,1.0777,3406,1
1.529,1.0821,3464,1
1.529,1.0865,3422,1
1.524,1.0908,3412,1
1.536,1.0952,3416,1
1.54,1.0996,3377,1
1.543,1.1039,3396,1
1.541,1.1083,3369,1
1.555,1.1126,3374,1
1.553,1.117,3440,1
1.554,1.1214,3425,1
1.532,1.1257,3391,1
1.538,1.1301,3429,1
1.573,1.1345,3413,1
1.557,1.1388,3378,1
1.565,1.1432,3456,1
1.559,1.1476,3466,1
1.553,1.1519,3447,1
1.557,1.1563,3409,1
1.544,1.1606,3537,1
1.556,1.165,3565,1
1.556,1.1694,3588,1
1.551,1.1737,3613,1
1.566,1.1781,3686,1
1.569,1.1825,3824,1
1.581,1.1868,3814,1
1.609,1.1912,3888,1
1.641,1.1956,3916,1
1.708,1.1999,3871,1
1.929,1.2043,3390,1
2.054,1.2086,3215,0
2.089,1.213,3130,0
2.1,1.2174,3124,0
2.135,1.2217,3061,0
2.156,1.2261,3106,0
2.172,1.2305,3117,0
2.194,1.2348,3100,0
2.225,1.2392,3135,0
2.229,1.2435,3128,0
2.253,1.2479,3102,0
2.269,1.2523,3110,0
2.274,1.2566,3053,0
2.308,1.261,2999,0
2.335,1.2654,2982,0
2.357,1.2697,3011,0
2.383,1.2741,2987,0
2.411,1.2785,2973,0
2.418,1.2828,2983,0
2.446,1.2872,2979,0
2.489,1.2915,3028,0
2.502,1.2959,2935,0
2.534,1.3003,2961,0
2.555,1.3046,3024,0
2.562,1.309,2969,0
2.572,1.3134,2714,0
2.57,1.3177,2491,0
2.564,1.3221,2443,0
2.551,1.3265,2489,0
2.55,1.3308,2341,0
2.53,1.3352,2239,0
2.532,1.3395,2148,0
2.514,1.3439,2114,0
2.499,1.3483,2038,0
2.492,1.3526,1927,0
2.468,1.357,1857,0
2.486,1.3614,1931,0
2.474,1.3657,1911,0
2.447,1.3701,1791,0
2.444,1.3744,1755,0
2.445,1.3788,1517,0
2.439,1.3832,1537,0
2.412,1.3875,1526,0
2.407,1.3919,1539,0
2.405,1.3963,1661,0
2.4,1.4006,2041,0
2.399,1.405,2438,0
2.388,1.4094,2542,0
2.379,1.4137,2548,0
2.366,1.4181,2591,0
2.352,1.4224,2574,0
2.343,1.4268,2572,0
2.341,1.4312,2581,0
2.377,1.4355,2542,0
2.409,1.4399,2152,0
2.406,1.4443,1212,0
2.41,1.4486,502,0
2.41,1.453,359,0
2.425,1.4573,832,0
2.408,1.4617,1494,0
2.412,1.4661,1782,0
4.233,1.4704,344,0
4.197,1.4748,984,0
4.179,1.4792,1176,0
4.173,1.4835,1154,0
4.164,1.4879,1210,0
4.165,1.4923,1266,0
4.132,1.4966,1259,0
4.131,1.501,1236,0
5.871,1.5053,130,0
5.864,1.5097,494,0
5.842,1.5141,1006,0
5.892,1.5184,1016,0
5.911,1.5228,1066,0
5.961,1.5272,1042,0
6.011,1.5315,757,0
6.02,1.5359,252,0
4.035,1.5403,1284,0
4.016,1.5446,1290,0
4.006,1.549,1257,0
4.01,1.5533,1305,0
3.99,1.5577,1300,0
3.987,1.5621,1289,0
3.983,1.5664,1296,0
3.979,1.5708,1294,0
3.959,1.5752,1303,0
3.948,1.5795,1315,0
3.94,1.5839,1328,0
3.931,1.5882,1339,0
3.943,1.5926,1301,0
3.911,1.597,1322,0
3.879,1.6013,1338,0
3.89,1.6057,1356,0
3.889,1.6101,1382,0
3.889,1.6144,1340,0
3.886,1.6188,1346,0
3.862,1.6232,1359,0
3.855,1.6275,1369,0
3.85,1.6319,1330,0
3.853,1.6362,1355,0
3.847,1.6406,1376,0
3.83,1.645,1356,0
3.815,1.6493,1370,0
3.807,1.6537,1357,0
3.824,1.6581,1408,0
3.801,1.6624,1358,0
3.769,1.6668,1427,0
3.788,1.6712,1421,0
3.793,1.6755,1412,0
3.772,1.6799,1417,0
3.777,1.6842,1406,0
3.771,1.6886,1456,0
3.748,1.693,1413,0
3.748,1.6973,1428,0
3.744,1.7017,1424,0
3.754,1.7061,1432,0
3.743,1.7104,1425,0
3.751,1.7148,1446,0
3.733,1.7191,1448,0
3.719,1.7235,1468,0
3.728,1.7279,1447,0
3.731,1.7322,1413,0
3.703,1.7366,1472,0
3.708,1.741,1520,0
3.697,1.7453,1514,0
3.686,1.7497,1496,0
3.689,1.7541,1472,0
3.686,1.7584,1516,0
3.681,1.7628,1483,0
3.671,1.7671,1496,0
3.666,1.7715,1463,0
3.66,1.7759,1488,0
3.661,1.7802,1449,0
3.67,1.7846,1531,0
3.659,1.789,1529,0
3.664,1.7933,1535,0
3.655,1.7977,1514,0
3.644,1.8021,1521,0
3.642,1.8064,1521,0
3.649,1.8108,1481,0
3.641,1.8151,1573,0
3.638,1.8195,1556,0
3.61,1.8239,1526,0
3.609,1.8282,1578,0
3.62,1.8326,1527,0
3.61,1.837,1533,0
3.625,1.8413,1557,0
3.627,1.8457,1597,0
3.604,1.85,1530,0
3.602,1.8544,1580,0
3.597,1.8588,1520,0
3.588,1.8631,1541,0
3.601,1.8675,1560,0
3.589,1.8719,1552,0
3.582,1.8762,1554,0
3.585,1.8806,1525,0
3.582,1.885,1538,0
3.592,1.8893,1568,0
3.582,1.8937,1565,0
3.581,1.898,1587,0
3.564,1.9024,1561,0
3.545,1.9068,1576,0
3.578,1.9111,1596,0
3.58,1.9155,1593,0
3.559,1.9199,1566,0
3.574,1.9242,1619,0
3.57,1.9286,1546,0
3.563,1.933,1590,0
3.572,1.9373,1613,0
3.564,1.9417,1602,0
3.551,1.946,1619,0
3.558,1.9504,1614,0
3.561,1.9548,1618,0
3.545,1.9591,1595,0
3.551,1.9635,1603,0
3.559,1.9679,1607,0
3.546,1.9722,1557,0
3.551,1.9766,1631,0
3.554,1.9809,1581,0
3.539,1.9853,1578,0
3.555,1.9897,1609,0
3.544,1.994,1631,0
3.548,1.9984,1575,0
3.552,2.0028,1615,0
3.56,2.0071,1592,0
3.55,2.0115,1602,0
3.548,2.0159,1615,0
3.55,2.0202,1641,0
3.545,2.0246,1557,0
3.542,2.0289,1588,0
3.543,2.0333,1613,0
3.535,2.0377,1631,0
3.539,2.042,1618,0
3.542,2.0464,1616,0
3.532,2.0508,1612,0
3.535,2.0551,1573,0
3.535,2.0595,1582,0
3.532,2.0639,1599,0
3.541,2.0682,1635,0
3.544,2.0726,1582,0
3.537,2.0769,1590,0
3.553,2.0813,1578,0
3.558,2.0857,1641,0
3.543,2.09,1613,0
3.554,2.0944,1568,0
3.561,2.0988,1607,0
3.556,2.1031,1552,0
3.559,2.1075,1613,0
3.556,2.1118,1579,0
3.552,2.1162,1561,0
3.561,2.1206,1588,0
3.561,2.1249,1606,0
3.552,2.1293,1571,0
3.551,2.1337,1566,0
3.538,2.138,1556,0
3.539,2.1424,1602,0
3.546,2.1468,1593,0
3.561,2.1511,1598,0
3.568,2.1555,1615,0
3.567,2.1598,1583,0
3.568,2.1642,1613,0
3.566,2.1686,1571,0
3.573,2.1729,1582,0
3.579,2.1773,1609,0
3.576,2.1817,1603,0
3.58,2.186,1575,0
3.589,2.1904,1525,0
3.591,2.1948,1581,0
3.587,2.1991,1583,0
3.577,2.2035,1545,0
3.599,2.2078,1529,0
3.6,2.2122,1541,0
3.585,2.2166,1574,0
3.593,2.2209,1542,0
3.615,2.2253,1527,0
3.601,2.2297,1506,0
3.598,2.234,1523,0
3.617,2.2384,1559,0
3.629,2.2427,1623,0
3.635,2.2471,1619,0
3.626,2.2515,1508,0
3.62,2.2558,1533,0
3.638,2.2602,1509,0
3.633,2.2646,1495,0
3.623,2.2689,1535,0
3.638,2.2733,1538,0
3.642,2.2777,1490,0
3.661,2.282,1568,0
3.658,2.2864,1528,0
3.661,2.2907,1424,0
3.651,2.2951,1134,0
3.684,2.2995,827,0
3.674,2.3038,1053,0
3.665,2.3082,1333,0
3.681,2.3126,1383,0
3.688,2.3169,1391,0
3.676,2.3213,1374,0
3.698,2.3257,1446,0
3.695,2.33,1511,0
3.692,2.3344,1397,0
3.7,2.3387,1342,0
3.722,2.3431,1398,0
3.712,2.3475,1443,0
3.733,2.3518,1425,0
3.726,2.3562,1342,0
