4.532,-2.3562,2318,0
4.552,-2.3518,2292,0
4.546,-2.3475,2331,0
4.556,-2.3431,2359,0
4.6,-2.3387,2358,0
4.603,-2.3344,2296,0
4.621,-2.33,2233,0
4.649,-2.3257,2335,0
4.66,-2.3213,2337,0
4.677,-2.3169,2345,0
4.694,-2.3126,2351,0
4.699,-2.3082,2350,0
4.717,-2.3038,2354,0
4.732,-2.2995,2320,0
4.759,-2.2951,2363,0
4.775,-2.2907,2349,0
4.797,-2.2864,2370,0
4.807,-2.282,2407,0
4.839,-2.2777,2385,0
4.854,-2.2733,2389,0
4.851,-2.2689,2384,0
4.879,-2.2646,2368,0
4.92,-2.2602,2367,0
4.937,-2.2558,2372,0
4.952,-2.2515,2328,0
4.984,-2.2471,2369,0
5.003,-2.2427,2354,0
5.022,-2.2384,2180,0
5.04,-2.234,2417,0
5.066,-2.2297,2385,0
5.081,-2.2253,2369,0
5.114,-2.2209,2343,0
5.135,-2.2166,2426,0
5.15,-2.2122,1949,0
5.149,-2.2078,356,0
5.123,-2.2035,165,0
5.1,-2.1991,123,0
5.086,-2.1948,117,0
5.078,-2.1904,113,0
60,-2.186,0,0
5.063,-2.1817,109,0
60,-2.1773,0,0
60,-2.1729,0,0
60,-2.1686,0,0
60,-2.1642,0,0
60,-2.1598,0,0
5.465,-2.1555,357,0
5.485,-2.1511,1259,0
5.512,-2.1468,1318,0
5.538,-2.1424,1312,0
5.555,-2.138,1269,0
5.6,-2.1337,1274,0
5.612,-2.1293,1249,0
5.65,-2.1249,1250,0
5.673,-2.1206,1202,0
5.704,-2.1162,1261,0
5.723,-2.1118,1265,0
5.745,-2.1075,1204,0
5.803,-2.1031,1213,0
5.828,-2.0988,1167,0
5.849,-2.0944,1196,0
5.894,-2.09,1110,0
5.933,-2.0857,1109,0
5.947,-2.0813,1155,0
5.99,-2.0769,1175,0
6.03,-2.0726,1165,0
6.044,-2.0682,1142,0
6.082,-2.0639,1104,0
6.102,-2.0595,1046,0
6.151,-2.0551,1031,0
6.19,-2.0508,1058,0
6.236,-2.0464,1005,0
6.267,-2.042,1002,0
6.327,-2.0377,960,0
6.342,-2.0333,962,0
6.401,-2.0289,821,0
6.433,-2.0246,901,0
6.474,-2.0202,974,0
6.51,-2.0159,887,0
6.556,-2.0115,955,0
6.601,-2.0071,854,0
6.639,-2.0028,860,0
6.679,-1.9984,791,0
6.715,-1.994,783,0
6.773,-1.9897,791,0
6.808,-1.9853,753,0
6.854,-1.9809,723,0
6.916,-1.9766,709,0
6.981,-1.9722,734,0
7.022,-1.9679,706,0
7.077,-1.9635,694,0
7.123,-1.9591,713,0
7.149,-1.9548,641,0
7.221,-1.9504,674,0
7.298,-1.946,669,0
7.376,-1.9417,615,0
7.41,-1.9373,668,0
7.485,-1.933,544,0
7.51,-1.9286,504,0
7.588,-1.9242,379,0
7.68,-1.9199,306,0
7.719,-1.9155,398,0
7.792,-1.9111,422,0
7.846,-1.9068,316,0
60,-1.9024,0,0
60,-1.898,0,0
60,-1.8937,0,0
60,-1.8893,0,0
8.208,-1.885,183,0
8.302,-1.8806,412,0
8.344,-1.8762,468,0
8.436,-1.8719,461,0
8.5,-1.8675,656,0
8.546,-1.8631,439,0
8.646,-1.8588,450,0
8.712,-1.8544,471,0
8.758,-1.85,424,0
8.865,-1.8457,423,0
8.954,-1.8413,366,0
9.021,-1.837,225,0
60,-1.8326,0,0
60,-1.8282,0,0
60,-1.8239,0,0
60,-1.8195,0,0
60,-1.8151,0,0
9.722,-1.8108,157,0
9.831,-1.8064,266,0
10.052,-1.8021,244,0
10.125,-1.7977,245,0
10.255,-1.7933,186,0
10.365,-1.789,180,0
10.566,-1.7846,181,0
10.651,-1.7802,179,0
10.72,-1.7759,315,0
60,-1.7715,0,0
10.817,-1.7671,106,0
11.008,-1.7628,147,0
11.102,-1.7584,143,0
11.193,-1.7541,183,0
11.342,-1.7497,216,0
11.478,-1.7453,202,0
11.699,-1.741,185,0
11.819,-1.7366,152,0
12.022,-1.7322,180,0
12.16,-1.7279,218,0
12.215,-1.7235,217,0
12.169,-1.7191,187,0
12.125,-1.7148,127,0
12.127,-1.7104,131,0
12.15,-1.7061,206,0
12.128,-1.7017,223,0
12.107,-1.6973,240,0
12.11,-1.693,251,0
12.082,-1.6886,244,0
12.072,-1.6842,230,0
12.082,-1.6799,194,0
12.084,-1.6755,274,0
12.052,-1.6712,264,0
12.031,-1.6668,254,0
12.036,-1.6624,281,0
12.01,-1.6581,269,0
11.981,-1.6537,248,0
11.982,-1.6493,304,0
11.975,-1.645,276,0
11.958,-1.6406,310,0
11.952,-1.6362,319,0
11.927,-1.6319,299,0
11.95,-1.6275,295,0
11.905,-1.6232,362,0
11.923,-1.6188,290,0
11.905,-1.6144,319,0
11.901,-1.6101,327,0
11.896,-1.6057,299,0
11.892,-1.6013,345,0
11.895,-1.597,314,0
11.891,-1.5926,355,0
11.875,-1.5882,314,0
11.869,-1.5839,377,0
11.838,-1.5795,383,0
11.835,-1.5752,375,0
11.859,-1.5708,311,0
11.831,-1.5664,354,0
11.845,-1.5621,377,0
11.801,-1.5577,364,0
11.841,-1.5533,327,0
11.816,-1.549,323,0
11.798,-1.5446,194,0
11.727,-1.5403,131,0
11.701,-1.5359,145,0
11.708,-1.5315,195,0
11.717,-1.5272,226,0
11.716,-1.5228,203,0
11.726,-1.5184,203,0
11.676,-1.5141,189,0
11.72,-1.5097,162,0
11.718,-1.5053,222,0
11.772,-1.501,331,0
11.79,-1.4966,268,0
3.794,-1.4923,618,0
3.807,-1.4879,649,0
3.8,-1.4835,449,0
3.779,-1.4792,291,0
3.788,-1.4748,339,0
3.784,-1.4704,435,0
11.167,-1.4661,246,0
11.186,-1.4617,1419,0
11.16,-1.4573,1643,0
11.169,-1.453,1285,0
11.172,-1.4486,321,0
11.719,-1.4443,277,0
11.744,-1.4399,396,0
11.757,-1.4355,407,0
11.752,-1.4312,399,0
11.713,-1.4268,319,0
11.145,-1.4224,350,0
11.142,-1.4181,416,0
11.147,-1.4137,324,0
11.162,-1.4094,296,0
11.165,-1.405,203,0
11.116,-1.4006,121,0
60,-1.3963,0,0
60,-1.3919,0,0
60,-1.3875,0,0
60,-1.3832,0,0
60,-1.3788,0,0
60,-1.3744,0,0
4.885,-1.3701,1127,0
4.793,-1.3657,1217,0
4.656,-1.3614,1207,0
4.584,-1.357,1706,0
4.564,-1.3526,1856,0
4.507,-1.3483,1599,0
3.842,-1.3439,1426,0
3.79,-1.3395,1398,0
3.813,-1.3352,1482,0
3.799,-1.3308,1706,0
3.808,-1.3265,2095,0
3.817,-1.3221,2290,0
3.804,-1.3177,2342,0
3.812,-1.3134,2365,0
3.801,-1.309,2323,0
3.82,-1.3046,2166,0
3.819,-1.3003,1947,0
3.83,-1.2959,1710,0
3.827,-1.2915,1602,0
3.82,-1.2872,1441,0
3.821,-1.2828,1365,0
3.821,-1.2785,1331,0
3.828,-1.2741,1339,0
3.842,-1.2697,1486,0
3.833,-1.2654,1596,0
3.85,-1.261,1647,0
3.859,-1.2566,1714,0
3.852,-1.2523,1832,0
3.86,-1.2479,2021,0
3.872,-1.2435,2273,0
3.872,-1.2392,2354,0
3.873,-1.2348,2492,0
3.855,-1.2305,2559,0
3.835,-1.2261,2764,0
3.804,-1.2217,2802,0
3.739,-1.2174,2851,0
3.683,-1.213,2930,0
3.601,-1.2086,2915,0
3.513,-1.2043,2923,0
3.458,-1.1999,2912,0
3.387,-1.1956,2918,0
3.301,-1.1912,2957,0
3.226,-1.1868,2978,0
3.17,-1.1825,3036,0
3.137,-1.1781,2957,0
3.084,-1.1737,2945,0
3.051,-1.1694,2996,0
3.015,-1.165,2941,0
2.99,-1.1606,2961,0
2.935,-1.1563,3012,0
2.9,-1.1519,2998,0
2.844,-1.1476,3024,0
2.815,-1.1432,3051,0
2.769,-1.1388,3074,0
2.713,-1.1345,3127,0
2.672,-1.1301,3092,0
2.656,-1.1257,3116,0
2.597,-1.1214,3176,0
2.557,-1.117,3117,0
2.52,-1.1126,3163,0
2.48,-1.1083,3178,0
2.455,-1.1039,3158,0
2.43,-1.0996,3210,0
2.404,-1.0952,3220,0
2.382,-1.0908,3229,0
2.35,-1.0865,3199,0
2.328,-1.0821,3227,0
2.289,-1.0777,3216,0
2.235,-1.0734,3282,0
2.208,-1.069,3294,0
2.173,-1.0647,3273,0
2.149,-1.0603,3283,0
2.126,-1.0559,3300,0
2.106,-1.0516,3347,0
2.084,-1.0472,3312,0
2.067,-1.0428,3340,0
2.052,-1.0385,3340,0
2.04,-1.0341,3373,0
2.015,-1.0297,3351,0
1.983,-1.0254,3400,0
1.972,-1.021,3371,0
1.949,-1.0167,3375,0
1.919,-1.0123,3332,0
1.921,-1.0079,3349,0
1.903,-1.0036,3395,0
1.86,-0.9992,3435,0
1.864,-0.99484,3450,0
1.825,-0.99047,3475,0
1.831,-0.98611,3375,0
1.815,-0.98175,3411,0
1.798,-0.97738,3422,0
1.783,-0.97302,3403,0
1.771,-0.96866,3435,0
1.757,-0.96429,3467,0
1.736,-0.95993,3477,0
1.726,-0.95557,3495,0
1.717,-0.9512,3537,0
1.69,-0.94684,3472,0
1.69,-0.94248,3457,0
1.664,-0.93811,3543,0
1.644,-0.93375,3482,0
1.642,-0.92939,3559,0
1.626,-0.92502,3553,0
1.608,-0.92066,3569,0
1.604,-0.9163,3572,0
1.571,-0.91193,3642,0
1.555,-0.90757,3707,0
1.568,-0.90321,3579,0
1.539,-0.89884,3578,0
1.533,-0.89448,3607,0
1.51,-0.89012,3603,0
1.487,-0.88575,3588,0
1.491,-0.88139,3667,0
1.49,-0.87703,3683,0
1.476,-0.87266,3645,0
1.456,-0.8683,3576,0
1.449,-0.86394,3646,0
1.436,-0.85957,3623,0
1.431,-0.85521,3688,0
1.417,-0.85085,3785,0
1.413,-0.84648,3742,0
1.4,-0.84212,3716,0
1.391,-0.83776,3743,0
1.373,-0.83339,3671,0
1.362,-0.82903,3731,0
1.353,-0.82467,3746,0
1.335,-0.8203,3766,0
1.332,-0.81594,3799,0
1.337,-0.81158,3787,0
1.335,-0.80721,3810,0
1.31,-0.80285,3824,0
1.309,-0.79849,3929,0
1.297,-0.79412,3928,0
1.294,-0.78976,3883,0
1.295,-0.7854,3908,0
1.28,-0.78103,3883,0
1.265,-0.77667,3893,0
1.278,-0.77231,3905,0
1.276,-0.76794,3798,0
1.248,-0.76358,3859,0
1.254,-0.75922,3890,0
1.249,-0.75485,3860,0
1.231,-0.75049,3900,0
1.238,-0.74613,3866,0
1.212,-0.74176,3965,0
1.193,-0.7374,4039,0
1.201,-0.73304,4134,0
1.208,-0.72867,4002,0
1.197,-0.72431,4038,0
1.19,-0.71995,3936,0
1.195,-0.71558,4027,0
1.184,-0.71122,4066,0
1.172,-0.70686,4079,0
1.175,-0.7025,4038,0
1.17,-0.69813,4130,0
1.165,-0.69377,4200,0
1.154,-0.68941,4129,0
1.157,-0.68504,4056,0
1.153,-0.68068,4036,0
1.143,-0.67632,4140,0
1.129,-0.67195,4169,0
1.127,-0.66759,4274,0
1.121,-0.66323,4344,0
1.115,-0.65886,4267,0
1.114,-0.6545,4265,0
1.097,-0.65014,4287,0
1.098,-0.64577,4344,0
1.099,-0.64141,4241,0
1.096,-0.63705,4259,0
1.096,-0.63268,4259,0
1.085,-0.62832,4188,0
1.08,-0.62396,4220,0
1.08,-0.61959,4275,0
1.077,-0.61523,4171,0
1.076,-0.61087,4257,0
1.071,-0.6065,4376,0
1.063,-0.60214,4460,0
1.038,-0.59778,4512,0
1.043,-0.59341,4613,0
1.041,-0.58905,4597,0
1.013,-0.58469,4642,0
1.021,-0.58032,4676,0
1.014,-0.57596,4638,0
1.019,-0.5716,4800,0
1.018,-0.56723,4814,0
1.012,-0.56287,4724,0
1.016,-0.55851,4773,0
1.011,-0.55414,4915,0
1.003,-0.54978,4883,0
1.001,-0.54542,4830,0
0.997,-0.54105,4836,0
0.997,-0.53669,4740,0
1.001,-0.53233,4581,0
0.995,-0.52796,4585,0
0.987,-0.5236,4547,0
0.984,-0.51924,4568,0
0.991,-0.51487,4527,0
0.984,-0.51051,4556,0
0.974,-0.50615,4513,0
0.959,-0.50178,4504,0
0.976,-0.49742,4577,0
0.959,-0.49306,4703,0
0.966,-0.48869,4665,0
0.96,-0.48433,4802,0
0.941,-0.47997,4723,0
0.952,-0.4756,4697,0
0.945,-0.47124,4699,0
0.914,-0.46688,4713,0
0.923,-0.46251,4879,0
0.921,-0.45815,4989,0
0.916,-0.45379,4951,0
0.923,-0.44942,4875,0
0.917,-0.44506,4917,0
0.921,-0.4407,5056,0
0.911,-0.43633,5033,0
0.921,-0.43197,4913,0
0.917,-0.42761,4757,0
0.89,-0.42324,4731,0
0.889,-0.41888,4871,0
0.895,-0.41452,4969,0
0.903,-0.41015,5072,0
0.896,-0.40579,5033,0
0.898,-0.40143,5132,0
0.899,-0.39706,5104,0
0.882,-0.3927,4858,0
0.888,-0.38834,4916,0
0.882,-0.38397,4853,0
0.894,-0.37961,4753,0
0.888,-0.37525,4740,0
0.877,-0.37088,4764,0
0.881,-0.36652,4894,0
0.887,-0.36216,4828,0
0.877,-0.35779,4743,0
0.871,-0.35343,4721,0
0.884,-0.34907,4737,0
0.858,-0.3447,4729,0
0.88,-0.34034,4766,0
0.858,-0.33598,4832,0
0.856,-0.33161,4836,0
0.862,-0.32725,4842,0
0.865,-0.32289,4922,0
0.866,-0.31852,4822,0
0.857,-0.31416,4806,0
0.848,-0.3098,4758,0
0.845,-0.30543,4674,0
0.851,-0.30107,4648,0
0.852,-0.29671,4795,0
0.842,-0.29234,4892,0
0.851,-0.28798,4879,0
0.845,-0.28362,4856,0
0.829,-0.27925,5027,0
0.843,-0.27489,4866,0
0.827,-0.27053,4693,0
0.812,-0.26616,4725,0
0.811,-0.2618,4726,0
0.812,-0.25744,4835,0
0.822,-0.25307,4883,0
0.825,-0.24871,4876,0
0.815,-0.24435,4783,0
0.812,-0.23998,4642,0
0.813,-0.23562,4618,0
0.818,-0.23126,4596,0
0.819,-0.22689,4558,0
0.813,-0.22253,4687,0
0.808,-0.21817,4758,0
0.805,-0.2138,4815,0
0.808,-0.20944,4740,0
0.816,-0.20508,4774,0
0.803,-0.20071,4842,0
0.807,-0.19635,4843,0
0.793,-0.19199,4707,0
0.797,-0.18762,4697,0
0.775,-0.18326,4785,0
0.784,-0.1789,4765,0
0.797,-0.17453,4843,0
0.784,-0.17017,4891,0
0.789,-0.16581,4956,0
0.786,-0.16144,4934,0
0.793,-0.15708,4907,0
0.803,-0.15272,4942,0
0.786,-0.14835,5108,0
0.785,-0.14399,5003,0
0.792,-0.13963,4923,0
0.778,-0.13526,4962,0
0.777,-0.1309,4996,0
0.78,-0.12654,5021,0
0.784,-0.12217,4890,0
0.776,-0.11781,4890,0
0.79,-0.11345,4985,0
0.765,-0.10908,5018,0
0.767,-0.10472,4913,0
0.778,-0.10036,4851,0
0.772,-0.095993,4910,0
0.779,-0.09163,5128,0
0.774,-0.087266,5268,0
0.776,-0.082903,5084,0
0.774,-0.07854,5068,0
0.772,-0.074176,5049,0
0.774,-0.069813,5069,0
0.772,-0.06545,4971,0
0.781,-0.061087,5105,0
0.767,-0.056723,5133,0
0.757,-0.05236,5077,0
0.772,-0.047997,5081,0
0.761,-0.043633,5145,0
0.743,-0.03927,5178,0
0.762,-0.034907,5193,0
0.759,-0.030543,5278,0
0.744,-0.02618,5348,0
0.744,-0.021817,5448,0
0.74,-0.017453,5467,0
0.761,-0.01309,5435,0
0.763,-0.0087266,5336,0
0.758,-0.0043633,5316,0
0.76,0,5284,0
0.758,0.0043633,5153,0
0.74,0.0087266,5088,0
0.756,0.01309,4972,0
0.762,0.017453,5032,0
0.763,0.021817,5096,0
0.755,0.02618,5059,0
0.756,0.030543,5006,0
0.756,0.034907,4912,0
0.739,0.03927,4982,0
0.754,0.043633,4905,0
0.753,0.047997,4905,0
0.74,0.05236,4912,0
0.755,0.056723,4888,0
0.727,0.061087,5034,0
0.72,0.06545,5166,0
0.741,0.069813,5320,0
0.758,0.074176,5227,0
0.752,0.07854,4992,0
0.747,0.082903,4975,0
0.735,0.087266,5026,0
0.765,0.09163,4988,0
0.749,0.095993,5071,0
0.733,0.10036,5050,0
0.75,0.10472,5195,0
0.748,0.10908,5122,0
0.734,0.11345,5021,0
0.756,0.11781,4988,0
0.756,0.12217,5070,0
0.736,0.12654,5150,0
0.756,0.1309,5069,0
0.736,0.13526,5021,0
0.738,0.13963,4973,0
0.744,0.14399,4944,0
0.76,0.14835,4915,0
0.74,0.15272,5016,0
0.729,0.15708,5118,0
0.735,0.16144,5148,0
0.731,0.16581,5300,0
0.736,0.17017,5345,0
0.7,0.17453,5115,1
0.635,0.1789,4324,1
0.585,0.18326,3825,1
0.563,0.18762,3857,1
0.542,0.19199,3818,1
0.523,0.19635,3796,1
0.515,0.20071,3797,1
0.489,0.20508,3770,1
0.474,0.20944,3971,1
0.475,0.2138,4249,1
0.451,0.21817,4499,1
0.452,0.22253,4508,1
0.478,0.22689,4408,1
0.462,0.23126,4157,1
0.466,0.23562,3827,1
0.459,0.23998,3628,1
0.46,0.24435,3626,1
0.466,0.24871,3588,1
0.473,0.25307,3631,1
0.457,0.25744,3657,1
0.472,0.2618,3664,1
0.464,0.26616,3639,1
0.451,0.27053,3645,1
0.456,0.27489,3656,1
0.468,0.27925,3702,1
0.463,0.28362,3624,1
0.475,0.28798,3605,1
0.477,0.29234,3636,1
0.463,0.29671,3607,1
0.452,0.30107,3602,1
0.478,0.30543,3564,1
0.457,0.3098,3627,1
0.469,0.31416,3697,1
0.477,0.31852,3655,1
0.467,0.32289,3676,1
0.469,0.32725,3704,1
0.472,0.33161,3641,1
0.473,0.33598,3579,1
0.469,0.34034,3660,1
0.472,0.3447,3665,1
0.479,0.34907,3644,1
0.479,0.35343,3610,1
0.481,0.35779,3602,1
0.475,0.36216,3690,1
0.479,0.36652,3677,1
0.484,0.37088,3686,1
0.468,0.37525,3719,1
0.463,0.37961,3703,1
0.479,0.38397,3639,1
0.485,0.38834,3723,1
0.478,0.3927,3684,1
0.48,0.39706,3697,1
0.486,0.40143,3745,1
0.482,0.40579,3725,1
0.497,0.41015,3730,1
0.485,0.41452,3744,1
0.492,0.41888,3734,1
0.484,0.42324,3727,1
0.479,0.42761,3737,1
0.488,0.43197,3670,1
0.474,0.43633,3736,1
0.486,0.4407,3698,1
0.483,0.44506,3638,1
0.487,0.44942,3664,1
0.489,0.45379,3686,1
0.472,0.45815,3704,1
0.475,0.46251,3730,1
0.498,0.46688,3661,1
0.498,0.47124,3704,1
0.48,0.4756,3689,1
0.481,0.47997,3694,1
0.497,0.48433,3665,1
0.489,0.48869,3657,1
0.501,0.49306,3698,1
0.493,0.49742,3683,1
0.488,0.50178,3671,1
0.506,0.50615,3690,1
0.5,0.51051,3710,1
0.495,0.51487,3718,1
0.502,0.51924,3683,1
0.498,0.5236,3662,1
0.498,0.52796,3673,1
0.516,0.53233,3723,1
0.492,0.53669,3758,1
0.481,0.54105,3758,1
0.507,0.54542,3695,1
0.496,0.54978,3712,1
0.504,0.55414,3718,1
0.518,0.55851,3712,1
0.505,0.56287,3770,1
0.522,0.56723,3733,1
0.512,0.5716,3721,1
0.516,0.57596,3705,1
0.517,0.58032,3768,1
0.519,0.58469,3746,1
0.523,0.58905,3725,1
0.518,0.59341,3727,1
0.525,0.59778,3745,1
0.522,0.60214,3740,1
0.522,0.6065,3742,1
0.532,0.61087,3712,1
0.513,0.61523,3756,1
0.501,0.61959,3712,1
0.526,0.62396,3713,1
0.521,0.62832,3735,1
0.533,0.63268,3758,1
0.533,0.63705,3740,1
0.514,0.64141,3710,1
0.532,0.64577,3708,1
0.53,0.65014,3750,1
0.535,0.6545,3764,1
0.528,0.65886,3734,1
0.538,0.66323,3670,1
0.54,0.66759,3723,1
0.545,0.67195,3625,1
0.527,0.67632,3678,1
0.532,0.68068,3690,1
0.544,0.68504,3664,1
0.554,0.68941,3639,1
0.545,0.69377,3636,1
0.555,0.69813,3622,1
0.559,0.7025,3630,1
0.556,0.70686,3621,1
0.56,0.71122,3726,1
0.565,0.71559,3710,1
0.558,0.71995,3716,1
0.561,0.72431,3661,1
0.57,0.72867,3631,1
0.564,0.73304,3630,1
0.56,0.7374,3651,1
0.57,0.74176,3651,1
0.564,0.74613,3630,1
0.551,0.75049,3706,1
0.57,0.75485,3654,1
0.577,0.75922,3627,1
0.577,0.76358,3636,1
0.576,0.76794,3632,1
0.586,0.77231,3600,1
0.575,0.77667,3675,1
0.588,0.78103,3747,1
0.59,0.7854,3670,1
0.59,0.78976,3672,1
0.595,0.79412,3636,1
0.597,0.79849,3612,1
0.593,0.80285,3625,1
0.588,0.80721,3645,1
0.596,0.81158,3651,1
0.6,0.81594,3626,1
0.606,0.8203,3689,1
0.616,0.82467,3599,1
0.602,0.82903,3794,1
0.644,0.83339,4160,1
0.719,0.83776,4579,1
0.961,0.84212,4399,0
0.982,0.84648,4370,0
0.99,0.85085,4277,0
1.003,0.85521,4307,0
1,0.85957,4264,0
1.007,0.86394,4202,0
1.009,0.8683,4144,0
1.018,0.87266,4089,0
1.025,0.87703,4238,0
1.009,0.88139,4199,0
1.033,0.88575,4181,0
1.027,0.89012,4100,0
1.025,0.89448,3974,0
1.036,0.89884,4050,0
1.05,0.90321,4035,0
1.041,0.90757,4008,0
1.035,0.91193,4158,0
1.058,0.9163,4232,0
1.057,0.92066,4211,0
1.065,0.92502,4094,0
1.065,0.92939,4036,0
1.066,0.93375,4139,0
1.083,0.93811,4152,0
1.085,0.94248,4018,0
1.095,0.94684,3966,0
1.093,0.9512,3991,0
1.098,0.95557,3932,0
1.101,0.95993,4019,0
1.123,0.96429,3941,0
1.122,0.96866,3929,0
1.127,0.97302,3897,0
1.121,0.97738,3877,0
1.131,0.98175,3861,0
1.145,0.98611,3920,0
1.132,0.99047,3917,0
1.141,0.99484,3944,0
1.147,0.9992,3915,0
1.154,1.0036,3754,0
1.156,1.0079,3740,0
1.181,1.0123,3786,0
1.178,1.0167,3832,0
1.188,1.021,3755,0
1.184,1.0254,3739,0
1.197,1.0297,3813,0
1.211,1.0341,3841,0
1.2,1.0385,3830,0
1.226,1.0428,3848,0
1.215,1.0472,3717,0
1.23,1.0516,3729,0
1.24,1.0559,3671,0
1.241,1.0603,3679,0
1.249,1.0647,3743,0
1.247,1.069,3789,0
1.263,1.0734,3681,0
1.265,1.0777,3670,0
1.283,1.0821,3728,0
1.293,1.0865,3732,0
1.299,1.0908,3745,0
1.303,1.0952,3742,0
1.317,1.0996,3774,0
1.322,1.1039,3723,0
1.331,1.1083,3694,0
1.348,1.1126,3636,0
1.349,1.117,3617,0
1.361,1.1214,3598,0
1.367,1.1257,3611,0
1.362,1.1301,3622,0
1.383,1.1345,3641,0
1.398,1.1388,3666,0
1.389,1.1432,3656,0
1.379,1.1476,3668,0
1.403,1.1519,3651,0
1.421,1.1563,3621,0
1.432,1.1606,3605,0
1.448,1.165,3614,0
1.453,1.1694,3555,0
1.462,1.1737,3581,0
1.488,1.1781,3474,0
1.498,1.1825,3518,0
1.501,1.1868,3519,0
1.505,1.1912,3472,0
1.532,1.1956,3450,0
1.538,1.1999,3476,0
1.553,1.2043,3468,0
1.575,1.2086,3544,0
1.567,1.213,3486,0
1.59,1.2174,3430,0
1.615,1.2217,3408,0
1.629,1.2261,3466,0
1.634,1.2305,3447,0
1.644,1.2348,3421,0
1.664,1.2392,3461,0
1.661,1.2435,3428,0
1.693,1.2479,3443,0
1.691,1.2523,3432,0
1.718,1.2566,3356,0
1.723,1.261,3367,0
1.73,1.2654,3360,0
1.751,1.2697,3317,0
1.769,1.2741,3242,0
1.778,1.2785,3298,0
1.805,1.2828,3290,0
1.818,1.2872,3312,0
1.82,1.2915,3268,0
1.847,1.2959,3286,0
1.865,1.3003,3294,0
1.879,1.3046,3290,0
1.897,1.309,3290,0
1.907,1.3134,3316,0
1.934,1.3177,3222,0
1.94,1.3221,3278,0
1.957,1.3265,3258,0
1.961,1.3308,3298,0
1.991,1.3352,3208,0
2.006,1.3395,3229,0
2.025,1.3439,3203,0
2.04,1.3483,3181,0
2.055,1.3526,3223,0
2.077,1.357,3179,0
2.103,1.3614,3090,0
2.122,1.3657,3137,0
2.149,1.3701,3148,0
2.185,1.3744,3110,0
2.209,1.3788,3047,0
2.219,1.3832,3084,0
2.24,1.3875,3027,0
2.279,1.3919,3041,0
2.31,1.3963,3044,0
2.333,1.4006,3014,0
2.359,1.405,3050,0
2.402,1.4094,3064,0
2.42,1.4137,3025,0
2.459,1.4181,3024,0
2.495,1.4224,2974,0
2.551,1.4268,2965,0
2.585,1.4312,3035,0
2.615,1.4355,2994,0
2.638,1.4399,2979,0
2.666,1.4443,2970,0
2.708,1.4486,2962,0
2.762,1.453,2968,0
2.799,1.4573,2922,0
2.855,1.4617,2965,0
2.919,1.4661,2986,0
3.002,1.4704,2881,0
3.08,1.4748,2831,0
3.148,1.4792,2852,0
3.198,1.4835,2846,0
3.253,1.4879,2835,0
3.308,1.4923,2775,0
3.377,1.4966,2699,0
3.426,1.501,2709,0
3.481,1.5053,2682,0
3.514,1.5097,2663,0
3.566,1.5141,2646,0
3.629,1.5184,2712,0
3.632,1.5228,2661,0
3.647,1.5272,2070,0
3.638,1.5315,1503,0
3.621,1.5359,1330,0
3.613,1.5403,1329,0
3.633,1.5446,1384,0
3.627,1.549,1438,0
3.611,1.5533,1451,0
3.617,1.5577,1387,0
3.614,1.5621,1378,0
3.617,1.5664,1315,0
3.598,1.5708,1256,0
3.616,1.5752,1306,0
3.603,1.5795,1277,0
3.609,1.5839,1297,0
3.605,1.5882,1323,0
3.614,1.5926,1331,0
3.599,1.597,1316,0
3.597,1.6013,1373,0
3.594,1.6057,1418,0
3.611,1.6101,1503,0
3.603,1.6144,2045,0
3.595,1.6188,2418,0
3.596,1.6232,2634,0
3.604,1.6275,2608,0
3.605,1.6319,2615,0
3.603,1.6362,2659,0
3.593,1.6406,2679,0
3.59,1.645,2690,0
3.589,1.6493,2707,0
3.592,1.6537,2674,0
3.597,1.6581,2689,0
3.595,1.6624,2679,0
3.586,1.6668,2658,0
3.582,1.6712,2683,0
3.596,1.6755,2692,0
3.59,1.6799,2670,0
3.588,1.6842,2646,0
3.593,1.6886,2671,0
3.57,1.693,2705,0
3.592,1.6973,2670,0
3.595,1.7017,2671,0
3.594,1.7061,2669,0
3.585,1.7104,2688,0
3.594,1.7148,2656,0
3.588,1.7191,2669,0
3.601,1.7235,2691,0
3.598,1.7279,2677,0
3.592,1.7322,2690,0
3.595,1.7366,2669,0
3.601,1.741,2700,0
3.598,1.7453,2700,0
3.608,1.7497,2681,0
3.598,1.7541,2677,0
3.597,1.7584,2671,0
3.599,1.7628,2635,0
3.583,1.7671,2649,0
3.601,1.7715,2606,0
3.592,1.7759,2637,0
3.612,1.7802,2630,0
3.61,1.7846,2631,0
3.598,1.789,2633,0
3.61,1.7933,2631,0
3.617,1.7977,2611,0
3.605,1.8021,2584,0
3.618,1.8064,2576,0
3.617,1.8108,2611,0
3.615,1.8151,2595,0
3.617,1.8195,2601,0
3.615,1.8239,2650,0
3.628,1.8282,2633,0
3.635,1.8326,2571,0
3.631,1.837,2584,0
3.622,1.8413,2584,0
3.619,1.8457,2595,0
3.629,1.85,2555,0
3.639,1.8544,2613,0
3.649,1.8588,2575,0
3.649,1.8631,2522,0
3.648,1.8675,2551,0
3.649,1.8719,2587,0
3.659,1.8762,2523,0
3.659,1.8806,2519,0
3.668,1.885,2519,0
3.675,1.8893,2539,0
3.665,1.8937,2560,0
3.673,1.898,2570,0
3.673,1.9024,2536,0
3.679,1.9068,2563,0
3.678,1.9111,2518,0
3.682,1.9155,2499,0
3.687,1.9199,2496,0
3.687,1.9242,2552,0
3.68,1.9286,2535,0
3.696,1.933,2546,0
3.702,1.9373,2494,0
3.718,1.9417,2524,0
3.718,1.946,2516,0
3.714,1.9504,2521,0
3.729,1.9548,2515,0
3.724,1.9591,2489,0
3.741,1.9635,2509,0
3.737,1.9679,2452,0
3.742,1.9722,2495,0
3.747,1.9766,2517,0
3.751,1.9809,2487,0
3.75,1.9853,2457,0
3.764,1.9897,2474,0
3.75,1.994,2465,0
3.741,1.9984,2499,0
3.769,2.0028,2473,0
3.787,2.0071,2487,0
3.78,2.0115,2485,0
3.786,2.0159,2482,0
3.794,2.0202,2460,0
3.798,2.0246,2476,0
3.815,2.0289,2488,0
3.818,2.0333,2503,0
3.808,2.0377,2462,0
3.823,2.042,2440,0
3.831,2.0464,2420,0
3.843,2.0508,2448,0
3.845,2.0551,2425,0
3.85,2.0595,2417,0
3.863,2.0639,2409,0
3.876,2.0682,2387,0
3.856,2.0726,2101,0
3.835,2.0769,1427,0
3.877,2.0813,287,0
0.386,2.0857,3425,0
0.388,2.09,3506,0
0.38,2.0944,3584,0
0.376,2.0988,3545,0
0.386,2.1031,3569,0
0.373,2.1075,3554,0
0.372,2.1118,3601,0
0.38,2.1162,3598,0
0.377,2.1206,3586,0
0.383,2.1249,3538,0
0.387,2.1293,3626,0
0.381,2.1337,3564,0
0.38,2.138,3586,0
0.369,2.1424,3521,0
0.373,2.1468,3492,0
0.358,2.1511,3364,0
0.347,2.1555,3449,0
0.341,2.1598,3430,0
0.361,2.1642,3391,0
0.34,2.1686,3475,0
0.35,2.1729,3433,0
0.344,2.1773,3431,0
0.338,2.1817,3425,0
0.354,2.186,3433,0
0.342,2.1904,3432,0
0.336,2.1948,3423,0
0.335,2.1991,3475,0
0.335,2.2035,3437,0
0.327,2.2078,3431,0
0.343,2.2122,3406,0
0.339,2.2166,3459,0
0.329,2.2209,3391,0
0.319,2.2253,3455,0
0.324,2.2297,3438,0
0.329,2.234,3398,0
0.326,2.2384,3407,0
0.318,2.2427,3409,0
0.319,2.2471,3404,0
0.326,2.2515,3388,0
0.322,2.2558,3339,0
0.32,2.2602,3377,0
0.319,2.2646,3340,0
0.304,2.2689,3383,0
0.309,2.2733,3308,0
0.324,2.2777,3333,0
0.315,2.282,3383,0
0.31,2.2864,3303,0
0.313,2.2907,3323,0
0.313,2.2951,3306,0
0.302,2.2995,3290,0
0.314,2.3038,3378,0
0.316,2.3082,3275,0
0.315,2.3126,3417,0
0.318,2.3169,3362,0
0.305,2.3213,3306,0
0.304,2.3257,3317,0
0.312,2.33,3333,0
0.307,2.3344,3316,0
0.299,2.3387,3367,0
0.304,2.3431,3273,0
0.306,2.3475,3300,0
0.294,2.3518,3298,0
0.295,2.3562,3291,0
