2.673,-2.3562,2548,0
2.695,-2.3518,2609,0
2.727,-2.3475,2624,0
2.731,-2.3431,2599,0
2.724,-2.3387,2657,0
2.725,-2.3344,2662,0
2.714,-2.33,2632,0
2.712,-2.3257,2647,0
2.714,-2.3213,2708,0
2.699,-2.3169,2656,0
2.7,-2.3126,2645,0
2.682,-2.3082,2670,0
2.677,-2.3038,2676,0
2.69,-2.2995,2687,0
2.676,-2.2951,2687,0
2.668,-2.2907,2720,0
2.679,-2.2864,2732,0
2.677,-2.282,2733,0
2.674,-2.2777,2755,0
2.668,-2.2733,2728,0
2.665,-2.2689,2756,0
2.659,-2.2646,2747,0
2.658,-2.2602,2745,0
2.661,-2.2558,2805,0
2.659,-2.2515,2764,0
2.65,-2.2471,2789,0
2.642,-2.2427,2801,0
2.645,-2.2384,2761,0
2.641,-2.234,2817,0
2.636,-2.2297,2812,0
2.621,-2.2253,2801,0
2.627,-2.2209,2816,0
2.642,-2.2166,2823,0
2.637,-2.2122,2839,0
2.635,-2.2078,2834,0
2.63,-2.2035,2848,0
2.623,-2.1991,2836,0
2.633,-2.1948,2842,0
2.625,-2.1904,2880,0
2.634,-2.186,2880,0
2.624,-2.1817,2855,0
2.616,-2.1773,2869,0
2.62,-2.1729,2849,0
2.616,-2.1686,2854,0
2.616,-2.1642,2907,0
2.613,-2.1598,2874,0
2.613,-2.1555,2885,0
2.603,-2.1511,2884,0
2.604,-2.1468,2908,0
2.618,-2.1424,2898,0
2.603,-2.138,2895,0
2.603,-2.1337,2894,0
2.598,-2.1293,2893,0
2.613,-2.1249,2862,0
2.612,-2.1206,2875,0
2.606,-2.1162,2860,0
2.604,-2.1118,2926,0
2.605,-2.1075,2902,0
2.607,-2.1031,2893,0
2.602,-2.0988,2919,0
2.604,-2.0944,2896,0
2.603,-2.09,2932,0
2.598,-2.0857,2926,0
2.602,-2.0813,2877,0
2.601,-2.0769,2891,0
2.603,-2.0726,2902,0
2.578,-2.0682,2938,0
2.587,-2.0639,2914,0
2.599,-2.0595,2875,0
2.604,-2.0551,2901,0
2.604,-2.0508,2899,0
2.604,-2.0464,2927,0
2.606,-2.042,2907,0
2.603,-2.0377,2930,0
2.612,-2.0333,2924,0
2.601,-2.0289,2872,0
2.608,-2.0246,2922,0
2.6,-2.0202,2890,0
2.6,-2.0159,2906,0
2.609,-2.0115,2897,0
2.603,-2.0071,2906,0
2.609,-2.0028,2927,0
2.61,-1.9984,2890,0
2.613,-1.994,2902,0
2.601,-1.9897,2925,0
2.591,-1.9853,2917,0
2.605,-1.9809,2915,0
2.615,-1.9766,2939,0
2.608,-1.9722,2901,0
2.618,-1.9679,2919,0
2.611,-1.9635,2919,0
2.617,-1.9591,2849,0
2.611,-1.9548,2890,0
2.622,-1.9504,2927,0
2.624,-1.946,2869,0
2.625,-1.9417,2857,0
2.629,-1.9373,2881,0
2.613,-1.933,2884,0
2.624,-1.9286,2869,0
2.634,-1.9242,2909,0
2.616,-1.9199,2918,0
2.623,-1.9155,2944,0
2.617,-1.9111,2878,0
2.612,-1.9068,2921,0
2.64,-1.9024,2916,0
2.636,-1.898,2915,0
2.632,-1.8937,2886,0
2.629,-1.8893,2891,0
2.642,-1.885,2913,0
2.635,-1.8806,2888,0
2.649,-1.8762,2852,0
2.637,-1.8719,2878,0
2.65,-1.8675,2875,0
2.655,-1.8631,2884,0
2.654,-1.8588,2882,0
2.652,-1.8544,2882,0
2.66,-1.85,2901,0
2.664,-1.8457,2886,0
2.654,-1.8413,2863,0
2.67,-1.837,2873,0
2.662,-1.8326,2928,0
2.65,-1.8282,2864,0
2.682,-1.8239,2884,0
2.677,-1.8195,2880,0
2.676,-1.8151,2852,0
2.68,-1.8108,2893,0
2.685,-1.8064,2895,0
2.689,-1.8021,2852,0
2.697,-1.7977,2875,0
2.692,-1.7933,2901,0
2.706,-1.789,2866,0
2.71,-1.7846,2855,0
2.704,-1.7802,2867,0
2.707,-1.7759,2844,0
2.715,-1.7715,2867,0
2.717,-1.7671,2897,0
2.726,-1.7628,2888,0
2.725,-1.7584,2890,0
2.727,-1.7541,2855,0
2.723,-1.7497,2871,0
2.722,-1.7453,2908,0
2.735,-1.741,2844,0
2.752,-1.7366,2870,0
2.744,-1.7322,2861,0
2.743,-1.7279,2872,0
2.761,-1.7235,2860,0
2.759,-1.7191,2860,0
2.764,-1.7148,2892,0
2.764,-1.7104,2865,0
2.767,-1.7061,2865,0
2.786,-1.7017,2842,0
2.782,-1.6973,2855,0
2.779,-1.693,2868,0
2.795,-1.6886,2840,0
2.801,-1.6842,2822,0
2.803,-1.6799,2849,0
2.791,-1.6755,2853,0
2.801,-1.6712,2857,0
2.822,-1.6668,2850,0
2.826,-1.6624,2864,0
2.827,-1.6581,2866,0
2.838,-1.6537,2807,0
2.846,-1.6493,2833,0
2.881,-1.645,2873,0
1.77,-1.6406,4815,0
1.752,-1.6362,4720,0
1.754,-1.6319,4279,0
1.727,-1.6275,3662,0
1.744,-1.6232,4059,0
1.792,-1.6188,4620,0
2.98,-1.6144,2771,0
2.908,-1.6101,2857,0
2.908,-1.6057,2848,0
2.915,-1.6013,2803,0
2.886,-1.597,2740,0
2.904,-1.5926,2795,0
2.919,-1.5882,2809,0
2.934,-1.5839,2770,0
2.942,-1.5795,2807,0
2.95,-1.5752,2821,0
2.952,-1.5708,2804,0
2.965,-1.5664,2748,0
2.971,-1.5621,2772,0
2.969,-1.5577,2745,0
2.982,-1.5533,2784,0
2.989,-1.549,2748,0
2.985,-1.5446,2762,0
3.01,-1.5403,2733,0
3.011,-1.5359,2768,0
2.998,-1.5315,2739,0
3.013,-1.5272,2765,0
3.035,-1.5228,2704,0
3.037,-1.5184,2700,0
3.05,-1.5141,2700,0
3.06,-1.5097,2661,0
3.071,-1.5053,2686,0
3.075,-1.501,2663,0
3.081,-1.4966,2663,0
3.09,-1.4923,2616,0
3.103,-1.4879,2631,0
3.117,-1.4835,2657,0
3.115,-1.4792,2631,0
3.139,-1.4748,2631,0
3.144,-1.4704,2639,0
3.133,-1.4661,2670,0
3.15,-1.4617,2620,0
3.17,-1.4573,2555,0
3.178,-1.453,2589,0
3.19,-1.4486,2601,0
3.205,-1.4443,2589,0
3.202,-1.4399,2553,0
3.221,-1.4355,2568,0
3.226,-1.4312,2534,0
3.245,-1.4268,2537,0
3.253,-1.4224,2524,0
3.271,-1.4181,2551,0
3.257,-1.4137,2518,0
3.28,-1.4094,2504,0
3.294,-1.405,2534,0
3.312,-1.4006,2545,0
3.32,-1.3963,2491,0
3.316,-1.3919,2553,0
3.334,-1.3875,2512,0
3.356,-1.3832,2516,0
3.364,-1.3788,2529,0
3.38,-1.3744,2514,0
3.406,-1.3701,2476,0
3.398,-1.3657,2455,0
3.416,-1.3614,2089,0
3.428,-1.357,1214,0
3.438,-1.3526,613,0
3.438,-1.3483,446,0
3.489,-1.3439,494,0
3.513,-1.3395,836,0
3.496,-1.3352,1089,0
3.539,-1.3308,1063,0
3.577,-1.3265,1358,0
2.163,-1.3221,3644,0
2.145,-1.3177,3284,0
2.144,-1.3134,3192,0
2.126,-1.309,3221,0
2.122,-1.3046,3271,0
2.123,-1.3003,3201,0
4.929,-1.2959,538,0
4.881,-1.2915,1206,0
4.867,-1.2872,1373,0
4.857,-1.2828,1284,0
4.884,-1.2785,790,0
6.673,-1.2741,106,0
6.668,-1.2697,377,0
6.683,-1.2654,307,0
3.913,-1.261,683,0
3.902,-1.2566,637,0
3.936,-1.2523,285,0
3.912,-1.2479,115,0
60,-1.2435,0,0
60,-1.2392,0,0
60,-1.2348,0,0
60,-1.2305,0,0
60,-1.2261,0,0
60,-1.2217,0,0
60,-1.2174,0,0
60,-1.213,0,0
60,-1.2086,0,0
60,-1.2043,0,0
60,-1.1999,0,0
60,-1.1956,0,0
60,-1.1912,0,0
60,-1.1868,0,0
60,-1.1825,0,0
60,-1.1781,0,0
60,-1.1737,0,0
60,-1.1694,0,0
60,-1.165,0,0
60,-1.1606,0,0
60,-1.1563,0,0
2.482,-1.1519,895,0
2.473,-1.1476,2325,0
2.453,-1.1432,2635,0
2.414,-1.1388,2694,0
2.385,-1.1345,2722,0
2.346,-1.1301,2688,0
2.317,-1.1257,2662,0
2.315,-1.1214,2656,0
2.316,-1.117,2564,0
4.509,-1.1126,114,0
2.351,-1.1083,2633,0
2.367,-1.1039,2566,0
2.381,-1.0996,2516,0
2.416,-1.0952,2401,0
2.417,-1.0908,2237,0
2.415,-1.0865,2243,0
2.441,-1.0821,2367,0
2.475,-1.0777,2480,0
2.48,-1.0734,2533,0
2.493,-1.069,2532,0
2.515,-1.0647,2522,0
2.529,-1.0603,2513,0
2.548,-1.0559,2480,0
2.566,-1.0516,2435,0
2.591,-1.0472,2366,0
2.605,-1.0428,2419,0
2.621,-1.0385,2550,0
2.637,-1.0341,2687,0
2.659,-1.0297,2840,0
2.657,-1.0254,3048,0
2.656,-1.021,3066,0
2.637,-1.0167,3072,0
2.625,-1.0123,3019,0
2.592,-1.0079,2949,0
2.544,-1.0036,3029,0
2.52,-0.9992,3031,0
2.496,-0.99484,3083,0
2.479,-0.99047,3135,0
2.461,-0.98611,3140,0
2.431,-0.98175,3167,0
2.401,-0.97738,3200,0
2.38,-0.97302,3212,0
2.361,-0.96866,3232,0
2.351,-0.96429,3250,0
2.311,-0.95993,3193,0
2.305,-0.95557,3150,0
2.273,-0.9512,3210,0
2.252,-0.94684,3215,0
2.244,-0.94248,3244,0
2.215,-0.93811,3290,0
2.19,-0.93375,3329,0
2.163,-0.92939,3406,0
2.161,-0.92502,3361,0
2.155,-0.92066,3309,0
2.135,-0.9163,3291,0
2.13,-0.91193,3279,0
2.102,-0.90757,3272,0
2.084,-0.90321,3298,0
2.069,-0.89884,3292,0
2.06,-0.89448,3323,0
2.046,-0.89012,3339,0
2.04,-0.88575,3314,0
2.017,-0.88139,3321,0
1.993,-0.87703,3341,0
1.988,-0.87266,3349,0
1.959,-0.8683,3404,0
1.944,-0.86394,3433,0
1.936,-0.85957,3388,0
1.922,-0.85521,3397,0
1.916,-0.85085,3381,0
1.9,-0.84648,3402,0
1.882,-0.84212,3405,0
1.87,-0.83776,3408,0
1.845,-0.83339,3360,0
1.823,-0.82903,3428,0
1.83,-0.82467,3468,0
1.81,-0.8203,3483,0
1.789,-0.81594,3519,0
1.794,-0.81158,3496,0
1.777,-0.80721,3454,0
1.753,-0.80285,3444,0
1.76,-0.79849,3470,0
1.74,-0.79412,3584,0
1.719,-0.78976,3547,0
1.714,-0.7854,3598,0
1.696,-0.78103,3521,0
1.684,-0.77667,3558,0
1.676,-0.77231,3549,0
1.67,-0.76794,3626,0
1.647,-0.76358,3562,0
1.648,-0.75922,3567,0
1.643,-0.75485,3580,0
1.6,-0.75049,3631,0
1.607,-0.74613,3651,0
1.607,-0.74176,3634,0
1.587,-0.7374,3629,0
1.59,-0.73304,3588,0
1.581,-0.72867,3651,0
1.565,-0.72431,3662,0
1.558,-0.71995,3629,0
1.55,-0.71559,3688,0
1.554,-0.71122,3686,0
1.543,-0.70686,3650,0
1.532,-0.7025,3706,0
1.516,-0.69813,3664,0
1.518,-0.69377,3673,0
1.507,-0.68941,3714,0
1.499,-0.68504,3725,0
1.489,-0.68068,3769,0
1.487,-0.67632,3715,0
1.481,-0.67195,3759,0
1.483,-0.66759,3729,0
1.462,-0.66323,3719,0
1.456,-0.65886,3766,0
1.455,-0.6545,3783,0
1.451,-0.65014,3879,0
1.437,-0.64577,3840,0
1.426,-0.64141,3882,0
1.427,-0.63705,3911,0
1.418,-0.63268,3818,0
1.408,-0.62832,3785,0
1.399,-0.62396,3818,0
1.398,-0.61959,3836,0
1.385,-0.61523,3784,0
1.376,-0.61087,3891,0
1.374,-0.6065,3871,0
1.364,-0.60214,3917,0
1.361,-0.59778,3939,0
1.345,-0.59341,3970,0
1.337,-0.58905,3953,0
1.338,-0.58469,3950,0
1.349,-0.58032,3987,0
1.341,-0.57596,3943,0
1.327,-0.5716,3975,0
1.327,-0.56723,4030,0
1.32,-0.56287,3948,0
1.315,-0.55851,3921,0
1.312,-0.55414,4023,0
1.302,-0.54978,4074,0
1.303,-0.54542,4075,0
1.289,-0.54105,3969,0
1.305,-0.53669,4044,0
1.291,-0.53233,4129,0
1.286,-0.52796,4047,0
1.281,-0.5236,3993,0
1.278,-0.51924,3987,0
1.274,-0.51487,4080,0
1.254,-0.51051,4202,0
1.256,-0.50615,4178,0
1.261,-0.50178,4181,0
1.256,-0.49742,4212,0
1.241,-0.49306,4182,0
1.245,-0.48869,4324,0
1.242,-0.48433,4278,0
1.239,-0.47997,4175,0
1.248,-0.4756,4148,0
1.235,-0.47124,4271,0
1.217,-0.46688,4354,0
1.212,-0.46251,4335,0
1.217,-0.45815,4279,0
1.204,-0.45379,4318,0
1.199,-0.44942,4375,0
1.2,-0.44506,4270,0
1.2,-0.4407,4281,0
1.183,-0.43633,4393,0
1.185,-0.43197,4479,0
1.197,-0.42761,4448,0
1.196,-0.42324,4464,0
1.19,-0.41888,4445,0
1.174,-0.41452,4508,0
1.184,-0.41015,4474,0
1.178,-0.40579,4444,0
1.167,-0.40143,4233,0
1.167,-0.39706,4163,0
1.17,-0.3927,4300,0
1.165,-0.38834,4269,0
1.151,-0.38397,4182,0
1.138,-0.37961,4322,0
1.146,-0.37525,4525,0
1.149,-0.37088,4530,0
1.139,-0.36652,4527,0
1.145,-0.36216,4546,0
1.14,-0.35779,4597,0
1.146,-0.35343,4603,0
1.124,-0.34907,4630,0
1.121,-0.3447,4482,0
1.121,-0.34034,4489,0
1.128,-0.33598,4481,0
1.124,-0.33161,4441,0
1.122,-0.32725,4438,0
1.117,-0.32289,4424,0
1.12,-0.31852,4318,0
1.119,-0.31416,4296,0
1.108,-0.3098,4392,0
1.113,-0.30543,4435,0
1.102,-0.30107,4511,0
1.104,-0.29671,4620,0
1.115,-0.29234,4689,0
1.11,-0.28798,4570,0
1.1,-0.28362,4499,0
1.087,-0.27925,4448,0
1.088,-0.27489,4498,0
1.087,-0.27053,4456,0
1.072,-0.26616,4409,0
1.078,-0.2618,4548,0
1.079,-0.25744,4500,0
1.063,-0.25307,4404,0
1.089,-0.24871,4341,0
1.075,-0.24435,4391,0
1.071,-0.23998,4355,0
1.073,-0.23562,4436,0
1.068,-0.23126,4514,0
1.071,-0.22689,4572,0
1.073,-0.22253,4509,0
1.06,-0.21817,4444,0
1.055,-0.2138,4366,0
1.061,-0.20944,4386,0
1.068,-0.20508,4502,0
1.067,-0.20071,4522,0
1.053,-0.19635,4449,0
1.058,-0.19199,4398,0
1.043,-0.18762,4344,0
1.048,-0.18326,4372,0
1.056,-0.1789,4332,0
1.056,-0.17453,4250,0
1.047,-0.17017,4197,0
1.049,-0.16581,4316,0
1.047,-0.16144,4403,0
1.047,-0.15708,4368,0
1.048,-0.15272,4358,0
1.045,-0.14835,4337,0
1.032,-0.14399,4297,0
1.035,-0.13963,4391,0
1.045,-0.13526,4401,0
1.024,-0.1309,4421,0
1.029,-0.12654,4397,0
1.015,-0.12217,4359,0
1.022,-0.11781,4353,0
1.027,-0.11345,4371,0
1.037,-0.10908,4391,0
1.024,-0.10472,4338,0
1.03,-0.10036,4333,0
1.019,-0.095993,4403,0
1.011,-0.09163,4372,0
1.022,-0.087266,4293,0
1.013,-0.082903,4298,0
1.008,-0.07854,4357,0
1.008,-0.074176,4305,0
1.015,-0.069813,4347,0
1.015,-0.06545,4354,0
1.009,-0.061087,4340,0
0.999,-0.056723,4398,0
1.007,-0.05236,4428,0
1.007,-0.047997,4418,0
0.998,-0.043633,4421,0
0.996,-0.03927,4547,0
1.005,-0.034907,4608,0
1.01,-0.030543,4550,0
1.018,-0.02618,4511,0
1.004,-0.021817,4428,0
1.008,-0.017453,4500,0
0.996,-0.01309,4413,0
1.004,-0.0087266,4354,0
1.004,-0.0043633,4405,0
0.996,0,4498,0
0.99,0.0043633,4471,0
0.993,0.0087266,4486,0
0.992,0.01309,4557,0
0.977,0.017453,4655,0
0.966,0.021817,4583,0
0.986,0.02618,4512,0
0.983,0.030543,4584,0
1.001,0.034907,4524,0
0.992,0.03927,4573,0
0.992,0.043633,4561,0
0.993,0.047997,4575,0
0.992,0.05236,4603,0
0.988,0.056723,4515,0
0.983,0.061087,4493,0
0.973,0.06545,4544,0
0.973,0.069813,4513,0
0.988,0.074176,4571,0
0.985,0.07854,4655,0
0.981,0.082903,4706,0
0.979,0.087266,4667,0
0.978,0.09163,4518,0
0.963,0.095993,4559,0
0.986,0.10036,4545,0
0.986,0.10472,4523,0
0.973,0.10908,4633,0
0.978,0.11345,4675,0
0.98,0.11781,4721,0
0.983,0.12217,4718,0
0.983,0.12654,4691,0
0.966,0.1309,4385,0
0.947,0.13526,3917,1
0.939,0.13963,3770,1
0.924,0.14399,3833,1
0.915,0.14835,3847,1
0.907,0.15272,3767,1
0.894,0.15708,3831,1
0.904,0.16144,3804,1
0.898,0.16581,3790,1
0.902,0.17017,3847,1
0.892,0.17453,3832,1
0.903,0.1789,3757,1
0.898,0.18326,3708,1
0.92,0.18762,3678,1
0.907,0.19199,3726,1
0.916,0.19635,3700,1
0.906,0.20071,3649,1
0.907,0.20508,3729,1
0.919,0.20944,3676,1
0.913,0.2138,3623,1
0.925,0.21817,3638,1
0.908,0.22253,3659,1
0.916,0.22689,3668,1
0.887,0.23126,3718,1
0.819,0.23562,3758,1
0.805,0.23998,3738,1
0.794,0.24435,3848,1
0.792,0.24871,3807,1
0.775,0.25307,3837,1
0.759,0.25744,3876,1
0.786,0.2618,3869,1
0.78,0.26616,3966,1
0.782,0.27053,4000,1
0.773,0.27489,4029,1
0.772,0.27925,3972,1
0.77,0.28362,3981,1
0.756,0.28798,3902,1
0.768,0.29234,3893,1
0.752,0.29671,3856,1
0.763,0.30107,3762,1
0.771,0.30543,3737,1
0.77,0.3098,3660,1
0.78,0.31416,3700,1
0.784,0.31852,3706,1
0.794,0.32289,3641,1
0.798,0.32725,3767,1
0.823,0.33161,4081,1
0.855,0.33598,4151,1
0.854,0.34034,3929,1
0.855,0.3447,3735,1
0.856,0.34907,3534,1
0.874,0.35343,3603,1
0.885,0.35779,3583,1
0.893,0.36216,3592,1
0.906,0.36652,3585,1
0.908,0.37088,3603,1
0.916,0.37525,3597,1
0.937,0.37961,3584,1
0.961,0.38397,3587,1
0.97,0.38834,3592,1
0.988,0.3927,3930,1
0.996,0.39706,4454,0
1.002,0.40143,4527,0
1.005,0.40579,4493,0
1.001,0.41015,4540,0
1.006,0.41452,4459,0
1.006,0.41888,4384,0
1.008,0.42324,4485,0
1.008,0.42761,4547,0
1.016,0.43197,4438,0
1.015,0.43633,4333,0
1.003,0.4407,4266,0
1.012,0.44506,4365,0
1.017,0.44942,4370,0
1.018,0.45379,4353,0
1.016,0.45815,4403,0
1.018,0.46251,4381,0
1.013,0.46688,4363,0
1.02,0.47124,4362,0
1.024,0.4756,4296,0
1.038,0.47997,4374,0
1.021,0.48433,4382,0
1.014,0.48869,4475,0
1.024,0.49306,4529,0
1.049,0.49742,4521,0
1.034,0.50178,4583,0
1.025,0.50615,4595,0
1.038,0.51051,4562,0
1.05,0.51487,4462,0
1.056,0.51924,4438,0
1.048,0.5236,4306,0
1.056,0.52796,4383,0
1.064,0.53233,4381,0
1.064,0.53669,4512,0
1.069,0.54105,4329,0
1.06,0.54542,4332,0
1.065,0.54978,4334,0
1.066,0.55414,4288,0
1.061,0.55851,4342,0
1.034,0.56287,4403,0
1.06,0.56723,4459,0
1.066,0.5716,4511,0
1.068,0.57596,4504,0
1.078,0.58032,4452,0
1.07,0.58469,4440,0
1.075,0.58905,4482,0
1.087,0.59341,4508,0
1.07,0.59778,4514,0
1.085,0.60214,4475,0
1.086,0.6065,4354,0
1.088,0.61087,4351,0
1.089,0.61523,4393,0
1.099,0.61959,4377,0
1.098,0.62396,4402,0
1.11,0.62832,4480,0
1.108,0.63268,4473,0
1.099,0.63705,4413,0
1.102,0.64141,4345,0
1.105,0.64577,4461,0
1.107,0.65014,4493,0
1.103,0.6545,4420,0
1.122,0.65886,4366,0
1.115,0.66323,4425,0
1.136,0.66759,4348,0
1.136,0.67195,4487,0
1.132,0.67632,4293,0
1.146,0.68068,4169,0
1.149,0.68504,4099,0
1.152,0.68941,4194,0
1.148,0.69377,4206,0
1.166,0.69813,4197,0
1.158,0.7025,4162,0
1.163,0.70686,4174,0
1.164,0.71122,4106,0
1.168,0.71559,4145,0
1.179,0.71995,4045,0
1.162,0.72431,3964,0
1.172,0.72867,4005,0
1.189,0.73304,4041,0
1.189,0.7374,4054,0
1.181,0.74176,4131,0
1.205,0.74613,4108,0
1.192,0.75049,4160,0
1.196,0.75485,4071,0
1.212,0.75922,4048,0
1.206,0.76358,4008,0
1.216,0.76794,3979,0
1.222,0.77231,4068,0
1.221,0.77667,4057,0
1.218,0.78103,3933,0
1.237,0.7854,3919,0
1.244,0.78976,3988,0
1.248,0.79412,4009,0
1.227,0.79849,4050,0
1.239,0.80285,4114,0
1.236,0.80721,4116,0
1.246,0.81158,4135,0
1.256,0.81594,4099,0
1.248,0.8203,4083,0
1.246,0.82467,3959,0
1.274,0.82903,3892,0
1.278,0.83339,3951,0
1.272,0.83776,3891,0
1.284,0.84212,3921,0
1.302,0.84648,3858,0
1.29,0.85085,3916,0
1.301,0.85521,3933,0
1.314,0.85957,3959,0
1.312,0.86394,3912,0
1.325,0.8683,3949,0
1.322,0.87266,3828,0
1.32,0.87703,3894,0
1.319,0.88139,3832,0
1.343,0.88575,3816,0
1.339,0.89012,3799,0
1.352,0.89448,3853,0
1.361,0.89884,3815,0
1.359,0.90321,3789,0
1.366,0.90757,3779,0
1.359,0.91193,3777,0
1.376,0.9163,3794,0
1.372,0.92066,3792,0
1.374,0.92502,3764,0
1.375,0.92939,3729,0
1.391,0.93375,3756,0
1.396,0.93811,3705,0
1.402,0.94248,3734,0
1.413,0.94684,3707,0
1.42,0.9512,3738,0
1.413,0.95557,3713,0
1.412,0.95993,3661,0
1.45,0.96429,3651,0
1.443,0.96866,3577,0
1.454,0.97302,3622,0
1.466,0.97738,3615,0
1.464,0.98175,3571,0
1.473,0.98611,3566,0
1.478,0.99047,3577,0
1.485,0.99484,3577,0
1.499,0.9992,3532,0
1.501,1.0036,3614,0
1.499,1.0079,3580,0
1.512,1.0123,3508,0
1.52,1.0167,3569,0
1.527,1.021,3549,0
1.535,1.0254,3559,0
1.55,1.0297,3516,0
1.533,1.0341,3528,0
1.536,1.0385,3533,0
1.557,1.0428,3485,0
1.552,1.0472,3539,0
1.57,1.0516,3513,0
1.583,1.0559,3589,0
1.593,1.0603,3515,0
1.597,1.0647,3521,0
1.554,1.069,3570,1
1.482,1.0734,3519,1
1.482,1.0777,3470,1
1.47,1.0821,3432,1
1.477,1.0865,3391,1
1.486,1.0908,3457,1
1.498,1.0952,3471,1
1.502,1.0996,3583,1
1.507,1.1039,3629,1
1.527,1.1083,3665,1
1.539,1.1126,3690,1
1.597,1.117,3660,1
1.678,1.1214,3491,1
1.719,1.1257,3407,1
1.748,1.1301,3449,0
1.761,1.1345,3391,0
1.775,1.1388,3327,0
1.788,1.1432,3322,0
1.793,1.1476,3396,0
1.798,1.1519,3329,0
1.83,1.1563,3302,0
1.846,1.1606,3356,0
1.841,1.165,3320,0
1.865,1.1694,3343,0
1.869,1.1737,3358,0
1.858,1.1781,3374,0
1.892,1.1825,3312,0
1.904,1.1868,3274,0
1.914,1.1912,3271,0
1.941,1.1956,3258,0
1.951,1.1999,3244,0
1.962,1.2043,3319,0
1.981,1.2086,3275,0
1.986,1.213,3263,0
2.008,1.2174,3260,0
2.022,1.2217,3241,0
2.037,1.2261,3209,0
2.049,1.2305,3189,0
2.073,1.2348,3204,0
2.073,1.2392,3192,0
2.094,1.2435,3166,0
2.123,1.2479,3106,0
2.129,1.2523,3081,0
2.131,1.2566,3125,0
2.158,1.261,3129,0
2.189,1.2654,3103,0
2.197,1.2697,3107,0
2.233,1.2741,3157,0
2.241,1.2785,3129,0
2.256,1.2828,3137,0
2.27,1.2872,3147,0
2.302,1.2915,3125,0
2.326,1.2959,3111,0
2.354,1.3003,3090,0
2.366,1.3046,3121,0
2.39,1.309,3084,0
2.415,1.3134,3085,0
2.442,1.3177,3000,0
2.47,1.3221,2969,0
2.49,1.3265,3028,0
2.495,1.3308,3010,0
2.524,1.3352,3021,0
2.567,1.3395,2977,0
2.589,1.3439,2962,0
2.624,1.3483,2989,0
2.632,1.3526,2939,0
2.663,1.357,2978,0
2.699,1.3614,2913,0
2.732,1.3657,2914,0
2.774,1.3701,2898,0
2.788,1.3744,2958,0
2.819,1.3788,2936,0
2.85,1.3832,2942,0
2.877,1.3875,2897,0
2.921,1.3919,2870,0
2.967,1.3963,2876,0
3.002,1.4006,2842,0
3.026,1.405,2815,0
3.054,1.4094,2830,0
3.08,1.4137,2877,0
3.109,1.4181,2854,0
3.14,1.4224,2877,0
3.171,1.4268,2824,0
3.211,1.4312,2844,0
3.242,1.4355,2759,0
3.275,1.4399,2671,0
3.291,1.4443,2645,0
3.309,1.4486,2572,0
3.308,1.453,2475,0
3.306,1.4573,2579,0
3.319,1.4617,2553,0
3.324,1.4661,2519,0
3.32,1.4704,2566,0
3.328,1.4748,2594,0
3.34,1.4792,2541,0
3.339,1.4835,2653,0
3.344,1.4879,2699,0
3.34,1.4923,2663,0
3.34,1.4966,2529,0
3.37,1.501,2510,0
3.374,1.5053,2581,0
3.376,1.5097,2694,0
3.385,1.5141,2527,0
3.4,1.5184,2542,0
3.394,1.5228,2534,0
3.417,1.5272,2387,0
3.426,1.5315,2256,0
3.429,1.5359,2142,0
3.432,1.5403,2185,0
3.442,1.5446,2174,0
3.448,1.549,2137,0
3.467,1.5533,2250,0
3.492,1.5577,2441,0
3.536,1.5621,2469,0
3.611,1.5664,2432,0
3.702,1.5708,2469,0
3.793,1.5752,2421,0
3.915,1.5795,2415,0
4.033,1.5839,2381,0
4.143,1.5882,2298,0
4.265,1.5926,2265,0
4.398,1.597,2157,0
4.531,1.6013,2097,0
4.74,1.6057,1535,0
4.905,1.6101,1423,0
5.011,1.6144,1584,0
5.05,1.6188,1722,0
5.052,1.6232,1724,0
5.016,1.6275,1759,0
5.006,1.6319,1817,0
4.99,1.6362,1805,0
4.966,1.6406,1821,0
4.936,1.645,1784,0
4.912,1.6493,1692,0
4.798,1.6537,910,0
3.231,1.6581,1949,0
3.238,1.6624,1500,0
4.871,1.6668,948,0
4.756,1.6712,1534,0
4.673,1.6755,1672,0
4.655,1.6799,1746,0
4.642,1.6842,1465,0
4.609,1.6886,732,0
4.58,1.693,894,0
4.584,1.6973,1654,0
4.615,1.7017,2065,0
4.64,1.7061,2145,0
4.676,1.7104,2012,0
4.698,1.7148,2088,0
4.677,1.7191,2004,0
4.685,1.7235,2022,0
4.666,1.7279,2041,0
4.651,1.7322,2020,0
4.642,1.7366,1991,0
4.636,1.741,2032,0
4.62,1.7453,1998,0
4.604,1.7497,1998,0
4.6,1.7541,1983,0
4.571,1.7584,2039,0
4.561,1.7628,2022,0
4.571,1.7671,2059,0
4.538,1.7715,2111,0
4.525,1.7759,2065,0
4.532,1.7802,2087,0
4.507,1.7846,2056,0
4.498,1.789,2105,0
4.503,1.7933,2134,0
4.483,1.7977,2160,0
4.476,1.8021,2078,0
4.458,1.8064,2123,0
4.45,1.8108,2102,0
4.439,1.8151,2089,0
4.44,1.8195,2152,0
4.414,1.8239,2125,0
4.405,1.8282,2114,0
4.4,1.8326,2132,0
4.391,1.837,2170,0
4.357,1.8413,2236,0
4.378,1.8457,2243,0
4.367,1.85,2208,0
4.345,1.8544,2212,0
4.341,1.8588,2188,0
4.327,1.8631,2210,0
4.32,1.8675,2241,0
4.319,1.8719,2206,0
4.309,1.8762,2240,0
4.289,1.8806,2215,0
4.298,1.885,2195,0
4.276,1.8893,2212,0
4.269,1.8937,2218,0
4.267,1.898,2222,0
4.255,1.9024,2259,0
4.234,1.9068,2255,0
4.225,1.9111,2244,0
4.229,1.9155,2251,0
4.234,1.9199,2242,0
4.225,1.9242,2254,0
4.215,1.9286,2257,0
4.201,1.933,2200,0
4.208,1.9373,2261,0
4.193,1.9417,2233,0
4.178,1.946,2256,0
4.192,1.9504,2265,0
4.169,1.9548,2251,0
4.165,1.9591,2307,0
4.152,1.9635,2231,0
4.146,1.9679,2245,0
4.136,1.9722,2275,0
4.137,1.9766,2275,0
4.113,1.9809,2251,0
4.112,1.9853,2248,0
4.113,1.9897,2295,0
4.111,1.994,2315,0
4.101,1.9984,2278,0
4.091,2.0028,2293,0
4.09,2.0071,2278,0
4.087,2.0115,2321,0
4.09,2.0159,2275,0
4.086,2.0202,2307,0
4.07,2.0246,2299,0
4.063,2.0289,2331,0
4.055,2.0333,2327,0
4.061,2.0377,2298,0
4.053,2.042,2302,0
4.04,2.0464,2287,0
4.044,2.0508,2349,0
4.03,2.0551,2272,0
4.03,2.0595,2312,0
4.017,2.0639,2339,0
4.022,2.0682,2309,0
4.018,2.0726,2328,0
4.015,2.0769,2293,0
4.001,2.0813,2355,0
4.007,2.0857,2291,0
3.998,2.09,2324,0
4.001,2.0944,2300,0
3.993,2.0988,2344,0
3.986,2.1031,2307,0
3.978,2.1075,2352,0
3.979,2.1118,2329,0
3.984,2.1162,2364,0
3.978,2.1206,2331,0
3.985,2.1249,2322,0
3.97,2.1293,2342,0
3.95,2.1337,2352,0
3.957,2.138,2373,0
3.959,2.1424,2366,0
3.953,2.1468,2358,0
3.956,2.1511,2384,0
3.955,2.1555,2357,0
3.952,2.1598,2389,0
3.942,2.1642,2355,0
3.946,2.1686,2367,0
3.944,2.1729,2370,0
3.93,2.1773,2388,0
3.937,2.1817,2334,0
3.933,2.186,2404,0
3.93,2.1904,2390,0
3.928,2.1948,2403,0
3.925,2.1991,2346,0
3.928,2.2035,2344,0
3.923,2.2078,2424,0
3.909,2.2122,2400,0
3.909,2.2166,2393,0
3.922,2.2209,2413,0
3.921,2.2253,2420,0
3.908,2.2297,2397,0
3.911,2.234,2409,0
3.918,2.2384,2454,0
3.92,2.2427,2440,0
3.914,2.2471,2449,0
3.913,2.2515,2408,0
3.901,2.2558,2391,0
3.901,2.2602,2400,0
3.914,2.2646,2423,0
3.912,2.2689,2415,0
3.917,2.2733,2403,0
3.905,2.2777,2424,0
3.9,2.282,2436,0
3.902,2.2864,2408,0
3.887,2.2907,2439,0
3.903,2.2951,2446,0
3.894,2.2995,2387,0
3.906,2.3038,2413,0
3.903,2.3082,2413,0
3.89,2.3126,2432,0
3.906,2.3169,2431,0
3.903,2.3213,2436,0
3.904,2.3257,2419,0
3.918,2.33,2400,0
3.906,2.3344,2434,0
3.906,2.3387,2393,0
3.909,2.3431,2383,0
3.891,2.3475,2343,0
3.894,2.3518,2398,0
3.915,2.3562,2400,0
