0.534,-2.3562,3077,0
0.506,-2.3518,3172,0
0.517,-2.3475,3280,0
0.522,-2.3431,3426,0
0.514,-2.3387,3519,0
0.504,-2.3344,3494,0
0.511,-2.33,3499,0
0.511,-2.3257,3541,0
0.502,-2.3213,3599,0
0.516,-2.3169,3539,0
0.515,-2.3126,3526,0
0.508,-2.3082,3590,0
0.503,-2.3038,3546,0
0.512,-2.2995,3524,0
0.498,-2.2951,3558,0
0.497,-2.2907,3619,0
0.503,-2.2864,3697,0
0.508,-2.282,3778,0
0.503,-2.2777,3781,0
0.496,-2.2733,3808,0
0.509,-2.2689,3791,0
0.508,-2.2646,3692,0
0.506,-2.2602,3675,0
0.508,-2.2558,3562,0
0.506,-2.2515,3421,0
0.519,-2.2471,3348,0
0.529,-2.2427,3461,0
0.547,-2.2384,3682,0
0.535,-2.234,3852,0
0.544,-2.2297,3943,0
0.534,-2.2253,3929,0
0.54,-2.2209,4059,0
0.545,-2.2166,3929,0
0.53,-2.2122,3846,0
0.524,-2.2078,3698,0
0.54,-2.2035,3685,0
0.544,-2.1991,3687,0
0.549,-2.1948,3684,0
0.542,-2.1904,3744,0
0.543,-2.186,3776,0
0.538,-2.1817,3731,0
0.547,-2.1773,3648,0
0.551,-2.1729,3679,0
0.545,-2.1686,3575,0
0.54,-2.1642,3582,0
0.542,-2.1598,3472,0
0.542,-2.1555,3479,0
0.541,-2.1511,3456,0
0.52,-2.1468,3461,0
0.531,-2.1424,3567,0
0.524,-2.138,3580,0
0.529,-2.1337,3597,0
0.528,-2.1293,3606,0
0.511,-2.1249,3662,0
0.513,-2.1206,3582,0
0.536,-2.1162,3534,0
0.527,-2.1118,3564,0
0.535,-2.1075,3595,0
0.533,-2.1031,3644,0
0.556,-2.0988,3619,0
0.539,-2.0944,3693,0
0.54,-2.09,3648,0
0.543,-2.0857,3663,0
0.549,-2.0813,3654,0
0.541,-2.0769,3707,0
0.541,-2.0726,3679,0
0.551,-2.0682,3624,0
0.545,-2.0639,3551,0
0.534,-2.0595,3504,0
0.537,-2.0551,3499,0
0.526,-2.0508,3483,0
0.518,-2.0464,3518,0
0.528,-2.042,3494,0
0.527,-2.0377,3538,0
0.516,-2.0333,3563,0
0.537,-2.0289,3622,0
0.524,-2.0246,3683,0
0.529,-2.0202,3709,0
0.527,-2.0159,3691,0
0.521,-2.0115,3630,0
0.513,-2.0071,3614,0
0.527,-2.0028,3548,0
0.521,-1.9984,3628,0
0.515,-1.994,3669,0
0.515,-1.9897,3763,0
0.524,-1.9853,3823,0
0.516,-1.9809,3894,0
0.509,-1.9766,3959,0
0.52,-1.9722,4008,0
0.504,-1.9679,4091,0
0.504,-1.9635,4011,0
0.499,-1.9591,3912,0
0.491,-1.9548,3778,0
0.506,-1.9504,3701,0
0.497,-1.946,3676,0
0.499,-1.9417,3662,0
0.503,-1.9373,3707,0
0.49,-1.933,3719,0
0.491,-1.9286,3714,0
0.509,-1.9242,3739,0
0.496,-1.9199,3736,0
0.496,-1.9155,3720,0
0.496,-1.9111,3738,0
0.515,-1.9068,3767,0
0.503,-1.9024,3752,0
0.5,-1.898,3674,0
0.508,-1.8937,3719,0
0.512,-1.8893,3736,0
0.505,-1.885,3709,0
0.5,-1.8806,3725,0
0.502,-1.8762,3749,0
0.498,-1.8719,3673,0
0.512,-1.8675,3671,0
0.514,-1.8631,3678,0
0.513,-1.8588,3637,0
0.524,-1.8544,3608,0
0.53,-1.85,3514,0
0.531,-1.8457,3491,0
0.545,-1.8413,3602,0
0.542,-1.837,3574,0
0.552,-1.8326,3479,0
0.563,-1.8282,3555,0
0.599,-1.8239,3629,0
0.609,-1.8195,3820,0
0.609,-1.8151,3757,0
0.614,-1.8108,3768,0
0.611,-1.8064,3802,0
0.605,-1.8021,3806,0
0.622,-1.7977,3668,0
0.624,-1.7933,3555,0
0.626,-1.789,3557,0
0.616,-1.7846,3565,0
0.614,-1.7802,3602,0
0.619,-1.7759,3571,0
0.63,-1.7715,3615,0
0.63,-1.7671,3775,0
0.653,-1.7628,4613,0
0.675,-1.7584,5103,0
2.015,-1.7541,3117,0
2.004,-1.7497,3260,0
1.941,-1.7453,3287,0
1.922,-1.741,3307,0
1.913,-1.7366,3312,0
1.873,-1.7322,3401,0
1.747,-1.7279,3510,0
1.688,-1.7235,3395,0
1.664,-1.7191,3139,0
1.662,-1.7148,2976,0
1.669,-1.7104,2984,0
1.703,-1.7061,2996,0
1.723,-1.7017,3044,0
1.74,-1.6973,3285,0
1.757,-1.693,3497,0
1.802,-1.6886,3484,0
1.89,-1.6842,3436,0
1.9,-1.6799,3438,0
1.906,-1.6755,3460,0
1.905,-1.6712,3469,0
1.908,-1.6668,3410,0
1.902,-1.6624,3427,0
1.903,-1.6581,3437,0
1.911,-1.6537,3486,0
1.899,-1.6493,3487,0
1.902,-1.645,3492,0
1.906,-1.6406,3512,0
1.887,-1.6362,3530,0
1.885,-1.6319,3448,0
1.909,-1.6275,3372,0
1.906,-1.6232,3349,0
1.907,-1.6188,3404,0
1.897,-1.6144,3481,0
1.897,-1.6101,3540,0
1.901,-1.6057,3564,0
1.898,-1.6013,3529,0
1.901,-1.597,3539,0
1.901,-1.5926,3468,0
1.895,-1.5882,3355,0
1.901,-1.5839,3443,0
1.9,-1.5795,3436,0
1.908,-1.5752,3466,0
1.903,-1.5708,3497,0
1.9,-1.5664,3493,0
1.898,-1.5621,3462,0
1.884,-1.5577,3485,0
1.912,-1.5533,3475,0
1.898,-1.549,3529,0
1.901,-1.5446,3459,0
1.895,-1.5403,3419,0
1.903,-1.5359,3469,0
1.911,-1.5315,3426,0
1.903,-1.5272,3450,0
1.904,-1.5228,3468,0
1.907,-1.5184,3358,0
1.913,-1.5141,3357,0
1.899,-1.5097,3380,0
1.909,-1.5053,3353,0
1.905,-1.501,3361,0
1.907,-1.4966,3377,0
1.917,-1.4923,3330,0
1.907,-1.4879,3322,0
1.914,-1.4835,3362,0
1.903,-1.4792,3305,0
1.901,-1.4748,3274,0
1.922,-1.4704,3224,0
1.901,-1.4661,3241,0
1.92,-1.4617,3248,0
1.92,-1.4573,3250,0
1.916,-1.453,3236,0
1.917,-1.4486,3195,0
1.924,-1.4443,3253,0
1.92,-1.4399,3242,0
1.924,-1.4355,3254,0
1.93,-1.4312,3261,0
1.925,-1.4268,3241,0
1.93,-1.4224,3237,0
1.93,-1.4181,3262,0
1.931,-1.4137,3197,0
1.932,-1.4094,3221,0
1.938,-1.405,3276,0
1.917,-1.4006,3222,0
1.925,-1.3963,3202,0
1.942,-1.3919,3231,0
1.936,-1.3875,3221,0
1.944,-1.3832,3185,0
1.95,-1.3788,3213,0
1.947,-1.3744,3246,0
1.941,-1.3701,3150,0
1.952,-1.3657,3223,0
1.954,-1.3614,3218,0
1.955,-1.357,3220,0
1.951,-1.3526,3247,0
1.957,-1.3483,3257,0
1.952,-1.3439,3225,0
1.96,-1.3395,3265,0
1.962,-1.3352,3235,0
1.972,-1.3308,3217,0
1.954,-1.3265,3247,0
1.956,-1.3221,3273,0
1.975,-1.3177,3237,0
1.978,-1.3134,3202,0
1.974,-1.309,3229,0
1.983,-1.3046,3254,0
1.987,-1.3003,3263,0
1.979,-1.2959,3249,0
1.986,-1.2915,3250,0
2.003,-1.2872,3255,0
1.993,-1.2828,3229,0
1.996,-1.2785,3278,0
2.001,-1.2741,3261,0
1.999,-1.2697,3229,0
1.995,-1.2654,3260,0
2.008,-1.261,3265,0
2.015,-1.2566,3227,0
2.016,-1.2523,3217,0
2.018,-1.2479,3218,0
1.998,-1.2435,3155,0
2.013,-1.2392,2929,0
2.029,-1.2348,2834,0
2.03,-1.2305,3089,0
2.03,-1.2261,3209,0
2.037,-1.2217,3194,0
2.04,-1.2174,3129,0
2.048,-1.213,2927,0
2.077,-1.2086,2525,0
2.082,-1.2043,2067,0
2.067,-1.1999,1739,0
2.08,-1.1956,1703,0
2.083,-1.1912,1975,0
2.08,-1.1868,2086,0
2.081,-1.1825,1804,0
2.066,-1.1781,1503,0
2.081,-1.1737,1616,0
2.085,-1.1694,1568,0
2.091,-1.165,1480,0
2.089,-1.1606,1469,0
2.1,-1.1563,1429,0
2.109,-1.1519,1476,0
2.11,-1.1476,1433,0
2.119,-1.1432,1423,0
2.119,-1.1388,1428,0
2.117,-1.1345,1387,0
2.125,-1.1301,2133,0
2.117,-1.1257,2491,0
2.126,-1.1214,2344,0
2.131,-1.117,2321,0
2.13,-1.1126,2303,0
2.131,-1.1083,2158,0
2.142,-1.1039,2097,0
2.139,-1.0996,1935,0
2.153,-1.0952,1935,0
2.159,-1.0908,2026,0
2.161,-1.0865,2052,0
2.153,-1.0821,2180,0
2.168,-1.0777,2290,0
2.167,-1.0734,2264,0
2.181,-1.069,2122,0
2.193,-1.0647,1688,0
2.206,-1.0603,1255,0
2.217,-1.0559,1225,0
2.224,-1.0516,1279,0
2.226,-1.0472,1177,0
2.238,-1.0428,1152,0
2.236,-1.0385,1086,0
2.24,-1.0341,1072,0
2.252,-1.0297,1051,0
2.245,-1.0254,1024,0
2.258,-1.021,1025,0
2.251,-1.0167,1022,0
2.251,-1.0123,1004,0
2.264,-1.0079,962,0
2.268,-1.0036,1096,0
2.291,-0.9992,1108,0
2.317,-0.99484,926,0
2.312,-0.99047,961,0
2.292,-0.98611,1035,0
2.315,-0.98175,1069,0
2.288,-0.97738,2140,0
2.275,-0.97302,2122,0
2.314,-0.96866,1321,0
2.351,-0.96429,1315,0
2.363,-0.95993,1352,0
2.388,-0.95557,1210,0
1.286,-0.9512,3248,0
1.247,-0.94684,3274,0
1.235,-0.94248,3252,0
1.219,-0.93811,3310,0
1.201,-0.93375,3315,0
1.2,-0.92939,3231,0
1.198,-0.92502,3206,0
1.19,-0.92066,3194,0
1.167,-0.9163,3196,0
1.183,-0.91193,3217,0
1.169,-0.90757,3235,0
1.161,-0.90321,3236,0
1.162,-0.89884,3185,0
1.156,-0.89448,3222,0
1.149,-0.89012,3221,0
1.141,-0.88575,3197,0
1.121,-0.88139,3301,0
1.117,-0.87703,3326,0
1.132,-0.87266,3301,0
1.121,-0.8683,3349,0
1.134,-0.86394,3286,0
1.127,-0.85957,3279,0
1.135,-0.85521,3311,0
1.131,-0.85085,3292,0
1.141,-0.84648,3289,0
1.134,-0.84212,3285,0
1.145,-0.83776,3259,0
1.164,-0.83339,3287,0
1.167,-0.82903,3177,0
1.175,-0.82467,3095,0
1.189,-0.8203,2963,0
1.188,-0.81594,2849,0
1.19,-0.81158,2747,0
1.195,-0.80721,2769,0
1.207,-0.80285,2793,0
1.213,-0.79849,2682,0
1.217,-0.79412,2770,0
1.226,-0.78976,2694,0
1.239,-0.7854,2688,0
1.225,-0.78103,2737,0
1.242,-0.77667,2726,0
1.247,-0.77231,2661,0
1.25,-0.76794,2746,0
1.267,-0.76358,2725,0
1.259,-0.75922,2890,0
1.256,-0.75485,2982,0
1.274,-0.75049,2823,0
1.294,-0.74613,2636,0
1.295,-0.74176,2658,0
1.301,-0.7374,2680,0
1.299,-0.73304,2748,0
1.315,-0.72867,2743,0
1.3,-0.72431,2747,0
1.319,-0.71995,2788,0
1.318,-0.71558,2884,0
1.33,-0.71122,2893,0
1.335,-0.70686,2900,0
1.35,-0.7025,2976,0
1.365,-0.69813,2905,0
1.367,-0.69377,2909,0
1.376,-0.68941,3040,0
1.355,-0.68504,3261,0
1.375,-0.68068,3554,0
1.387,-0.67632,3846,0
1.395,-0.67195,3981,0
1.396,-0.66759,4066,0
1.386,-0.66323,4064,0
1.383,-0.65886,4097,0
1.376,-0.6545,4118,0
1.38,-0.65014,3993,0
1.371,-0.64577,3942,0
1.362,-0.64141,3900,0
1.367,-0.63705,3944,0
1.363,-0.63268,3922,0
1.359,-0.62832,4036,0
1.355,-0.62396,4016,0
1.352,-0.61959,3896,0
1.349,-0.61523,3865,0
1.343,-0.61087,3934,0
1.338,-0.6065,3959,0
1.328,-0.60214,3984,0
1.318,-0.59778,3954,0
1.314,-0.59341,4051,0
1.312,-0.58905,4156,0
1.314,-0.58469,4239,0
1.313,-0.58032,4117,0
1.305,-0.57596,4255,0
1.301,-0.5716,4243,0
1.311,-0.56723,4346,0
1.314,-0.56287,4386,0
1.306,-0.55851,4366,0
1.32,-0.55414,4400,0
1.314,-0.54978,4399,0
1.304,-0.54542,4207,0
1.291,-0.54105,4085,0
1.28,-0.53669,4113,0
1.265,-0.53233,4151,0
1.278,-0.52796,4240,0
1.267,-0.5236,4325,0
1.253,-0.51924,4310,0
1.265,-0.51487,4305,0
1.253,-0.51051,4323,0
1.261,-0.50615,4241,0
1.259,-0.50178,4331,0
1.252,-0.49742,4318,0
1.262,-0.49306,4294,0
1.265,-0.48869,4329,0
1.248,-0.48433,4261,0
1.248,-0.47997,4234,0
1.241,-0.4756,4217,0
1.245,-0.47124,4161,0
1.24,-0.46688,4242,0
1.238,-0.46251,4259,0
1.23,-0.45815,4251,0
1.236,-0.45379,4336,0
1.227,-0.44942,4287,0
1.213,-0.44506,4319,0
1.21,-0.4407,4320,0
1.222,-0.43633,4307,0
1.212,-0.43197,4393,0
1.215,-0.42761,4312,0
1.208,-0.42324,4232,0
1.211,-0.41888,4289,0
1.211,-0.41452,4316,0
1.211,-0.41015,4338,0
1.201,-0.40579,4384,0
1.192,-0.40143,4362,0
1.2,-0.39706,4398,0
1.19,-0.3927,4375,0
1.202,-0.38834,4237,0
1.185,-0.38397,4311,0
1.193,-0.37961,4320,0
1.197,-0.37525,4253,0
1.182,-0.37088,4317,0
1.169,-0.36652,4304,0
1.169,-0.36216,4208,0
1.184,-0.35779,4260,0
1.179,-0.35343,4188,0
1.186,-0.34907,4245,0
1.184,-0.3447,4173,0
1.176,-0.34034,4236,0
1.178,-0.33598,4318,0
1.179,-0.33161,4414,0
1.177,-0.32725,4427,0
1.169,-0.32289,4314,0
1.162,-0.31852,4284,0
1.172,-0.31416,4324,0
1.151,-0.3098,4255,0
1.153,-0.30543,4367,0
1.164,-0.30107,4313,0
1.16,-0.29671,4280,0
1.156,-0.29234,4268,0
1.153,-0.28798,4252,0
1.139,-0.28362,4200,0
1.141,-0.27925,4195,0
1.149,-0.27489,4210,0
1.151,-0.27053,4281,0
1.151,-0.26616,4230,0
1.148,-0.2618,4248,0
1.145,-0.25744,4204,0
1.138,-0.25307,4198,0
1.134,-0.24871,4197,0
1.142,-0.24435,4234,0
1.143,-0.23998,4199,0
1.131,-0.23562,4180,0
1.132,-0.23126,4218,0
1.137,-0.22689,4201,0
1.122,-0.22253,4180,0
1.133,-0.21817,4122,0
1.127,-0.2138,4193,0
1.113,-0.20944,4218,0
1.111,-0.20508,4217,0
1.132,-0.20071,4145,0
1.125,-0.19635,4169,0
1.124,-0.19199,4201,0
1.128,-0.18762,4132,0
1.118,-0.18326,4150,0
1.121,-0.1789,4164,0
1.117,-0.17453,4193,0
1.115,-0.17017,4192,0
1.123,-0.16581,4217,0
1.116,-0.16144,4236,0
1.123,-0.15708,4245,0
1.127,-0.15272,4390,0
1.127,-0.14835,4351,0
1.117,-0.14399,4251,0
1.104,-0.13963,4230,0
1.112,-0.13526,4289,0
1.095,-0.1309,4283,0
1.102,-0.12654,4242,0
1.12,-0.12217,4248,0
1.115,-0.11781,4278,0
1.109,-0.11345,4252,0
1.116,-0.10908,4225,0
1.11,-0.10472,4146,0
1.102,-0.10036,4201,0
1.113,-0.095993,4220,0
1.101,-0.09163,4237,0
1.094,-0.087266,4210,0
1.102,-0.082903,4272,0
1.103,-0.07854,4287,0
1.097,-0.074176,4201,0
1.091,-0.069813,4191,0
1.082,-0.06545,4361,0
1.1,-0.061087,4269,0
1.095,-0.056723,4315,0
1.086,-0.05236,4286,0
1.076,-0.047997,4279,0
1.085,-0.043633,4275,0
1.096,-0.03927,4304,0
1.085,-0.034907,4270,0
1.103,-0.030543,4364,0
1.101,-0.02618,4260,0
1.097,-0.021817,4380,0
1.098,-0.017453,4364,0
1.103,-0.01309,4404,0
1.098,-0.0087266,4462,0
1.097,-0.0043633,4374,0
1.098,0,4333,0
1.08,0.0043633,4281,0
1.098,0.0087266,4320,0
1.09,0.01309,4272,0
1.089,0.017453,4385,0
1.094,0.021817,4362,0
1.105,0.02618,4383,0
1.102,0.030543,4319,0
1.087,0.034907,4286,0
1.077,0.03927,4281,0
1.091,0.043633,4196,0
1.089,0.047997,4188,0
1.094,0.05236,4227,0
1.094,0.056723,4358,0
1.103,0.061087,4371,0
1.106,0.06545,4375,0
1.095,0.069813,4439,0
1.096,0.074176,4358,0
1.101,0.07854,4315,0
1.084,0.082903,4375,0
1.1,0.087266,4417,0
1.101,0.09163,4344,0
1.1,0.095993,4287,0
1.103,0.10036,4213,0
1.105,0.10472,4272,0
1.097,0.10908,4289,0
1.113,0.11345,4402,0
1.086,0.11781,4442,1
1.09,0.12217,4433,1
1.107,0.12654,4332,0
1.107,0.1309,4397,0
1.099,0.13526,4213,1
1.095,0.13963,4174,1
1.079,0.14399,3907,1
1.05,0.14835,3894,1
1.047,0.15272,3828,1
1.029,0.15708,3783,1
1.021,0.16144,3871,1
1.041,0.16581,3870,1
1.023,0.17017,3932,1
1.02,0.17453,3905,1
1.026,0.1789,3991,1
1.015,0.18326,4072,1
0.999,0.18762,4118,1
1.009,0.19199,4095,1
1.023,0.19635,4062,1
1.011,0.20071,4037,1
1.019,0.20508,4033,1
1.012,0.20944,4092,1
1.01,0.2138,4185,1
1.006,0.21817,4114,1
1.017,0.22253,4175,1
1.016,0.22689,4136,1
1.02,0.23126,4136,1
1.024,0.23562,4065,1
1.013,0.23998,4007,1
1.021,0.24435,3946,1
1.021,0.24871,3945,1
1.011,0.25307,3959,1
1.019,0.25744,4014,1
1.017,0.2618,4026,1
1.018,0.26616,3937,1
1.01,0.27053,3860,1
1.023,0.27489,3850,1
1.019,0.27925,3863,1
1.03,0.28362,3883,1
1.049,0.28798,3872,1
1.066,0.29234,3802,1
1.074,0.29671,3908,1
1.107,0.30107,3922,1
1.111,0.30543,3973,1
1.139,0.3098,4063,1
1.168,0.31416,4046,0
1.16,0.31852,4087,0
1.183,0.32289,4081,0
1.16,0.32725,4126,0
1.174,0.33161,4087,0
1.183,0.33598,4182,0
1.186,0.34034,4195,0
1.182,0.3447,4142,0
1.171,0.34907,4285,0
1.171,0.35343,4315,0
1.184,0.35779,4175,0
1.187,0.36216,4015,0
1.187,0.36652,4096,0
1.191,0.37088,4121,0
1.203,0.37525,4094,0
1.205,0.37961,3952,0
1.202,0.38397,3980,0
1.201,0.38834,3931,0
1.206,0.3927,3977,0
1.208,0.39706,4012,0
1.207,0.40143,3984,0
1.204,0.40579,3956,0
1.224,0.41015,4086,0
1.219,0.41452,4075,0
1.223,0.41888,4038,0
1.211,0.42324,4080,0
1.208,0.42761,4056,0
1.228,0.43197,3997,0
1.22,0.43633,3983,0
1.235,0.4407,3966,0
1.231,0.44506,3998,0
1.239,0.44942,3967,0
1.247,0.45379,4013,0
1.255,0.45815,3939,0
1.256,0.46251,3984,0
1.25,0.46688,4016,0
1.253,0.47124,3949,0
1.257,0.4756,3879,0
1.258,0.47997,3900,0
1.269,0.48433,3933,0
1.268,0.48869,3926,0
1.265,0.49306,3944,0
1.268,0.49742,3934,0
1.251,0.50178,4090,0
1.261,0.50615,4020,0
1.283,0.51051,4041,0
1.276,0.51487,4005,0
1.278,0.51924,3985,0
1.292,0.5236,3952,0
1.289,0.52796,3937,0
1.298,0.53233,3866,0
1.302,0.53669,3870,0
1.31,0.54105,3858,0
1.301,0.54542,3837,0
1.308,0.54978,3875,0
1.318,0.55414,3833,0
1.314,0.55851,3827,0
1.323,0.56287,3790,0
1.338,0.56723,3773,0
1.327,0.5716,3811,0
1.334,0.57596,3767,0
1.344,0.58032,3786,0
1.329,0.58469,3742,0
1.35,0.58905,3728,0
1.355,0.59341,3746,0
1.354,0.59778,3762,0
1.377,0.60214,3748,0
1.365,0.6065,3608,0
1.377,0.61087,3696,0
1.383,0.61523,3669,0
1.384,0.61959,3685,0
1.39,0.62396,3680,0
1.394,0.62832,3718,0
1.39,0.63268,3781,0
1.395,0.63705,3768,0
1.396,0.64141,3709,0
1.417,0.64577,3713,0
1.403,0.65014,3705,0
1.413,0.6545,3700,0
1.402,0.65886,3673,0
1.421,0.66323,3680,0
1.435,0.66759,3674,0
1.437,0.67195,3719,0
1.44,0.67632,3729,0
1.443,0.68068,3700,0
1.456,0.68504,3723,0
1.462,0.68941,3709,0
1.478,0.69377,3621,0
1.475,0.69813,3667,0
1.473,0.7025,3676,0
1.494,0.70686,3711,0
1.499,0.71122,3693,0
1.495,0.71558,3636,0
1.507,0.71995,3678,0
1.507,0.72431,3677,0
1.514,0.72867,3608,0
1.519,0.73304,3582,0
1.518,0.7374,3624,0
1.52,0.74176,3663,0
1.549,0.74613,3514,0
1.557,0.75049,3539,0
1.561,0.75485,3549,0
1.572,0.75922,3545,0
1.584,0.76358,3518,0
1.597,0.76794,3586,0
1.587,0.77231,3591,0
1.596,0.77667,3558,0
1.602,0.78103,3588,0
1.609,0.7854,3560,0
1.624,0.78976,3515,0
1.628,0.79412,3539,0
1.632,0.79849,3537,0
1.646,0.80285,3530,0
1.658,0.80721,3479,0
1.652,0.81158,3421,0
1.658,0.81594,3516,0
1.663,0.8203,3494,0
1.676,0.82467,3472,0
1.694,0.82903,3505,0
1.703,0.83339,3452,0
1.708,0.83776,3513,0
1.716,0.84212,3418,0
1.723,0.84648,3449,0
1.733,0.85085,3399,0
1.741,0.85521,3437,0
1.762,0.85957,3451,0
1.768,0.86394,3356,0
1.777,0.8683,3406,0
1.785,0.87266,3428,0
1.8,0.87703,3427,0
1.809,0.88139,3377,0
1.813,0.88575,3393,0
1.821,0.89012,3354,0
1.812,0.89448,3419,0
1.833,0.89884,3388,0
1.858,0.90321,3388,0
1.867,0.90757,3366,0
1.877,0.91193,3302,0
1.885,0.9163,3270,0
1.89,0.92066,3266,0
1.905,0.92502,3340,0
1.927,0.92939,3283,0
1.925,0.93375,3339,0
1.942,0.93811,3294,0
1.964,0.94248,3307,0
1.974,0.94684,3327,0
1.984,0.9512,3304,0
1.998,0.95557,3301,0
2.015,0.95993,3310,0
2.023,0.96429,3255,0
2.025,0.96866,3221,0
2.02,0.97302,3285,0
2.055,0.97738,3277,0
2.085,0.98175,3203,0
2.081,0.98611,3253,0
2.103,0.99047,3274,0
2.114,0.99484,3250,0
2.125,0.9992,3192,0
2.147,1.0036,3174,0
2.158,1.0079,3137,0
2.179,1.0123,3162,0
2.187,1.0167,3179,0
2.2,1.021,3209,0
2.216,1.0254,3200,0
2.23,1.0297,3146,0
2.245,1.0341,3159,0
2.267,1.0385,3189,0
2.285,1.0428,3159,0
2.304,1.0472,3153,0
2.316,1.0516,3153,0
2.326,1.0559,3134,0
2.353,1.0603,3071,0
2.369,1.0647,3008,0
2.403,1.069,3089,0
2.423,1.0734,3080,0
2.417,1.0777,3139,0
2.451,1.0821,3085,0
2.471,1.0865,3035,0
2.488,1.0908,3048,0
2.52,1.0952,3089,0
2.537,1.0996,3105,0
2.549,1.1039,3086,0
2.582,1.1083,3016,0
2.619,1.1126,3009,0
2.624,1.117,3012,0
2.634,1.1214,3039,0
2.675,1.1257,3010,0
2.682,1.1301,3022,0
2.714,1.1345,3000,0
2.742,1.1388,2955,0
2.777,1.1432,2927,0
2.797,1.1476,2969,0
2.827,1.1519,2942,0
2.846,1.1563,2993,0
2.875,1.1606,2933,0
2.909,1.165,2937,0
2.937,1.1694,2915,0
2.956,1.1737,2878,0
2.996,1.1781,2817,0
3.035,1.1825,2886,0
3.053,1.1868,2877,0
3.06,1.1912,2938,0
3.082,1.1956,2932,0
3.075,1.1999,2858,0
3.095,1.2043,2728,0
3.094,1.2086,2500,0
3.07,1.213,2303,0
3.069,1.2174,2217,0
3.081,1.2217,2128,0
3.067,1.2261,2069,0
3.06,1.2305,1916,0
3.052,1.2348,1919,0
3.054,1.2392,1894,0
3.063,1.2435,1846,0
3.044,1.2479,1690,0
3.021,1.2523,1624,0
3.03,1.2566,1479,0
3.02,1.261,1467,0
3.027,1.2654,1483,0
3.03,1.2697,1533,0
3.015,1.2741,1569,0
3.013,1.2785,1766,0
3.028,1.2828,1999,0
3.014,1.2872,2290,0
3.004,1.2915,2422,0
3.003,1.2959,2480,0
2.999,1.3003,2509,0
2.999,1.3046,2480,0
3.008,1.309,2454,0
3.025,1.3134,2293,0
3.037,1.3177,1955,0
3.059,1.3221,1609,0
3.048,1.3265,1550,0
3.043,1.3308,1541,0
3.053,1.3352,1658,0
3.077,1.3395,1601,0
4.543,1.3439,705,0
4.521,1.3483,1250,0
4.496,1.3526,1384,0
4.498,1.357,1443,0
4.497,1.3614,1456,0
4.499,1.3657,1425,0
4.467,1.3701,1467,0
4.464,1.3744,1458,0
4.465,1.3788,1467,0
4.478,1.3832,1396,0
4.467,1.3875,1459,0
4.467,1.3919,1496,0
4.457,1.3963,1466,0
4.469,1.4006,1474,0
4.469,1.405,1450,0
4.439,1.4094,1491,0
4.455,1.4137,1527,0
4.453,1.4181,1500,0
4.447,1.4224,1558,0
4.449,1.4268,1545,0
4.447,1.4312,1559,0
4.438,1.4355,1575,0
4.434,1.4399,1586,0
4.443,1.4443,1573,0
4.416,1.4486,1561,0
4.413,1.453,1582,0
4.447,1.4573,1664,0
4.436,1.4617,1654,0
4.428,1.4661,1672,0
4.426,1.4704,1694,0
4.423,1.4748,1738,0
4.433,1.4792,1737,0
4.435,1.4835,1744,0
4.418,1.4879,1758,0
4.422,1.4923,1809,0
4.422,1.4966,1781,0
4.423,1.501,1854,0
4.427,1.5053,1759,0
4.423,1.5097,1595,0
4.423,1.5141,1650,0
4.424,1.5184,1775,0
4.432,1.5228,1812,0
4.438,1.5272,1877,0
4.419,1.5315,1905,0
4.41,1.5359,1900,0
4.455,1.5403,1896,0
4.516,1.5446,2064,0
4.514,1.549,1967,0
4.527,1.5533,1994,0
4.507,1.5577,2046,0
3.051,1.5621,4678,0
3.055,1.5664,4646,0
4.511,1.5708,1930,0
4.509,1.5752,1760,0
4.513,1.5795,1680,0
4.439,1.5839,1757,0
4.42,1.5882,1844,0
4.431,1.5926,1780,0
4.437,1.597,1761,0
4.428,1.6013,1728,0
4.415,1.6057,1673,0
4.411,1.6101,1629,0
4.407,1.6144,1640,0
4.427,1.6188,1690,0
4.421,1.6232,1652,0
4.435,1.6275,1616,0
4.421,1.6319,1647,0
4.424,1.6362,1592,0
4.417,1.6406,1507,0
4.416,1.645,1461,0
4.426,1.6493,1471,0
4.422,1.6537,1559,0
4.431,1.6581,1584,0
4.441,1.6624,1585,0
4.449,1.6668,1536,0
4.448,1.6712,1546,0
4.438,1.6755,1488,0
4.44,1.6799,1510,0
4.45,1.6842,1487,0
4.434,1.6886,1445,0
4.436,1.693,1422,0
4.431,1.6973,1477,0
4.448,1.7017,1470,0
4.454,1.7061,1409,0
4.446,1.7104,1381,0
4.456,1.7148,1420,0
4.454,1.7191,1413,0
4.468,1.7235,1345,0
4.482,1.7279,1090,0
4.494,1.7322,948,0
4.485,1.7366,1200,0
4.476,1.741,1296,0
4.474,1.7453,1288,0
4.48,1.7497,1316,0
4.479,1.7541,1322,0
4.489,1.7584,1272,0
4.48,1.7628,1304,0
4.495,1.7671,1262,0
4.512,1.7715,1240,0
4.501,1.7759,1247,0
4.514,1.7802,1283,0
4.518,1.7846,1262,0
4.514,1.789,1275,0
4.53,1.7933,1259,0
4.523,1.7977,1249,0
4.53,1.8021,1259,0
4.536,1.8064,1239,0
4.549,1.8108,1254,0
4.554,1.8151,1189,0
4.541,1.8195,1228,0
4.566,1.8239,1203,0
4.561,1.8282,1197,0
4.563,1.8326,1201,0
4.58,1.837,1155,0
4.587,1.8413,1174,0
4.584,1.8457,1165,0
4.59,1.85,1171,0
4.595,1.8544,1190,0
4.601,1.8588,1198,0
4.59,1.8631,1144,0
4.616,1.8675,1136,0
4.607,1.8719,1152,0
4.639,1.8762,1155,0
4.629,1.8806,1080,0
4.638,1.885,1136,0
4.651,1.8893,1172,0
4.661,1.8937,1145,0
4.657,1.898,1126,0
4.676,1.9024,1137,0
4.688,1.9068,1111,0
4.664,1.9111,1114,0
4.688,1.9155,1030,0
4.71,1.9199,1034,0
4.704,1.9242,1114,0
4.699,1.9286,1078,0
4.717,1.933,1032,0
4.716,1.9373,1050,0
4.716,1.9417,1053,0
4.717,1.946,1032,0
4.744,1.9504,1036,0
4.752,1.9548,1019,0
4.769,1.9591,1054,0
4.769,1.9635,1078,0
4.81,1.9679,949,0
4.784,1.9722,992,0
4.804,1.9766,1003,0
4.819,1.9809,946,0
4.84,1.9853,988,0
4.835,1.9897,979,0
4.827,1.994,1002,0
4.868,1.9984,963,0
4.849,2.0028,912,0
4.874,2.0071,986,0
4.898,2.0115,980,0
4.912,2.0159,925,0
4.91,2.0202,942,0
4.905,2.0246,899,0
4.931,2.0289,907,0
4.932,2.0333,961,0
4.945,2.0377,861,0
4.955,2.042,895,0
4.967,2.0464,873,0
4.999,2.0508,829,0
5.01,2.0551,846,0
5.007,2.0595,857,0
5.024,2.0639,842,0
5.034,2.0682,886,0
5.047,2.0726,842,0
5.055,2.0769,875,0
5.057,2.0813,801,0
5.079,2.0857,785,0
5.1,2.09,782,0
5.08,2.0944,799,0
5.102,2.0988,786,0
5.113,2.1031,768,0
5.15,2.1075,797,0
5.149,2.1118,748,0
5.172,2.1162,673,0
5.198,2.1206,703,0
5.187,2.1249,736,0
5.212,2.1293,710,0
5.24,2.1337,759,0
5.257,2.138,715,0
5.266,2.1424,736,0
5.283,2.1468,742,0
5.293,2.1511,755,0
5.331,2.1555,748,0
5.321,2.1598,756,0
5.326,2.1642,672,0
5.355,2.1686,718,0
5.374,2.1729,764,0
5.371,2.1773,796,0
5.374,2.1817,872,0
5.347,2.186,1019,0
5.318,2.1904,957,0
5.285,2.1948,988,0
5.242,2.1991,1023,0
5.207,2.2035,1006,0
5.19,2.2078,1057,0
5.163,2.2122,938,0
5.145,2.2166,972,0
5.084,2.2209,1080,0
5.058,2.2253,1045,0
5.043,2.2297,1039,0
5.002,2.234,1132,0
4.982,2.2384,1058,0
4.969,2.2427,1072,0
4.925,2.2471,1148,0
4.903,2.2515,1110,0
4.872,2.2558,1111,0
4.825,2.2602,1151,0
4.827,2.2646,1138,0
4.805,2.2689,1167,0
4.768,2.2733,1201,0
4.758,2.2777,1253,0
4.741,2.282,1193,0
4.715,2.2864,1260,0
4.694,2.2907,1153,0
4.658,2.2951,1090,0
4.642,2.2995,1226,0
4.617,2.3038,1233,0
4.587,2.3082,1246,0
4.575,2.3126,1190,0
4.551,2.3169,110,0
60,2.3213,0,0
60,2.3257,0,0
60,2.33,0,0
4.147,2.3344,495,0
4.155,2.3387,376,0
4.191,2.3431,269,0
4.178,2.3475,282,0
4.182,2.3518,226,0
4.16,2.3562,902,0
