1.825,-2.3562,2972,0
1.814,-2.3518,2922,0
1.804,-2.3475,2958,0
1.832,-2.3431,2923,0
1.84,-2.3387,2977,0
1.838,-2.3344,2957,0
1.848,-2.33,2947,0
1.847,-2.3257,2952,0
1.852,-2.3213,3034,0
1.867,-2.3169,2930,0
1.856,-2.3126,3005,0
1.882,-2.3082,2953,0
1.872,-2.3038,2977,0
1.884,-2.2995,2996,0
1.888,-2.2951,2980,0
1.894,-2.2907,2938,0
1.895,-2.2864,2958,0
1.909,-2.282,2981,0
1.899,-2.2777,2969,0
1.914,-2.2733,2974,0
1.901,-2.2689,3016,0
1.935,-2.2646,2936,0
1.922,-2.2602,2999,0
1.925,-2.2558,2995,0
1.939,-2.2515,2963,0
1.945,-2.2471,2975,0
1.956,-2.2427,2980,0
1.955,-2.2384,3007,0
1.957,-2.234,2989,0
1.972,-2.2297,2980,0
1.975,-2.2253,2967,0
1.985,-2.2209,2977,0
1.988,-2.2166,3026,0
1.995,-2.2122,2972,0
2.006,-2.2078,3022,0
2.016,-2.2035,3005,0
2.019,-2.1991,2947,0
2.01,-2.1948,2990,0
2.029,-2.1904,3045,0
2.084,-2.186,3038,0
0.78,-2.1817,5182,0
0.747,-2.1773,4678,0
0.744,-2.1729,4068,0
0.751,-2.1686,3829,0
0.748,-2.1642,3647,0
0.761,-2.1598,3887,0
0.765,-2.1555,4084,0
0.766,-2.1511,4121,0
0.757,-2.1468,4091,0
0.765,-2.1424,3964,0
0.762,-2.138,3657,0
0.803,-2.1337,3549,0
2.246,-2.1293,2365,0
2.178,-2.1249,2774,0
2.186,-2.1206,2957,0
2.185,-2.1162,2976,0
2.18,-2.1118,2940,0
2.183,-2.1075,2932,0
2.196,-2.1031,2929,0
2.217,-2.0988,2927,0
2.213,-2.0944,2884,0
2.225,-2.09,2904,0
2.239,-2.0857,2933,0
2.237,-2.0813,2875,0
2.254,-2.0769,2925,0
2.255,-2.0726,2898,0
2.269,-2.0682,2873,0
2.283,-2.0639,2886,0
2.29,-2.0595,2925,0
2.301,-2.0551,2872,0
2.321,-2.0508,2869,0
2.331,-2.0464,2899,0
2.335,-2.042,2867,0
2.346,-2.0377,2873,0
2.359,-2.0333,2840,0
2.358,-2.0289,2826,0
2.373,-2.0246,2834,0
2.388,-2.0202,2786,0
2.396,-2.0159,2825,0
2.424,-2.0115,2771,0
2.426,-2.0071,2836,0
2.436,-2.0028,2794,0
2.459,-1.9984,2786,0
2.471,-1.994,2826,0
2.479,-1.9897,2808,0
2.488,-1.9853,2798,0
2.51,-1.9809,2816,0
2.527,-1.9766,2797,0
2.534,-1.9722,2794,0
2.538,-1.9679,2764,0
2.563,-1.9635,2639,0
5.808,-1.9591,183,0
5.828,-1.9548,431,0
5.874,-1.9504,450,0
5.915,-1.946,435,0
5.954,-1.9417,440,0
5.979,-1.9373,446,0
6.014,-1.933,455,0
6.04,-1.9286,401,0
6.071,-1.9242,360,0
6.117,-1.9199,369,0
6.165,-1.9155,373,0
6.221,-1.9111,315,0
6.224,-1.9068,326,0
6.244,-1.9024,309,0
6.318,-1.898,294,0
6.355,-1.8937,317,0
6.41,-1.8893,268,0
6.417,-1.885,268,0
6.468,-1.8806,142,0
1.163,-1.8762,2730,0
1.137,-1.8719,3365,0
1.146,-1.8675,3645,0
1.142,-1.8631,3724,0
1.136,-1.8588,3728,0
1.145,-1.8544,3755,0
1.126,-1.85,3776,0
1.123,-1.8457,3739,0
1.141,-1.8413,3757,0
1.127,-1.837,3745,0
1.125,-1.8326,3765,0
1.123,-1.8282,3617,0
1.123,-1.8239,3357,0
1.135,-1.8195,3348,0
1.143,-1.8151,3282,0
1.157,-1.8108,3238,0
1.161,-1.8064,3068,0
3.626,-1.8021,178,0
3.614,-1.7977,427,0
3.579,-1.7933,1184,0
3.599,-1.789,1090,0
3.611,-1.7846,723,0
3.572,-1.7802,495,0
3.605,-1.7759,273,0
3.676,-1.7715,261,0
3.684,-1.7671,481,0
3.682,-1.7628,733,0
3.687,-1.7584,786,0
3.67,-1.7541,689,0
3.655,-1.7497,718,0
3.67,-1.7453,872,0
3.683,-1.741,783,0
7.107,-1.7366,347,0
7.102,-1.7322,684,0
7.093,-1.7279,1196,0
7.117,-1.7235,792,0
7.436,-1.7191,684,0
7.627,-1.7148,462,0
7.321,-1.7104,285,0
8.358,-1.7061,164,0
7.495,-1.7017,282,0
7.523,-1.6973,646,0
7.526,-1.693,383,0
8.713,-1.6886,174,0
8.816,-1.6842,157,0
8.887,-1.6799,122,0
8.985,-1.6755,137,0
9.109,-1.6712,128,0
60,-1.6668,0,0
60,-1.6624,0,0
60,-1.6581,0,0
60,-1.6537,0,0
60,-1.6493,0,0
60,-1.645,0,0
9.583,-1.6406,195,0
9.539,-1.6362,719,0
9.536,-1.6319,601,0
8.944,-1.6275,226,0
9.178,-1.6232,363,0
60,-1.6188,0,0
60,-1.6144,0,0
60,-1.6101,0,0
60,-1.6057,0,0
60,-1.6013,0,0
60,-1.597,0,0
60,-1.5926,0,0
11.382,-1.5882,332,0
11.373,-1.5839,633,0
11.352,-1.5795,324,0
12.229,-1.5752,151,0
12.221,-1.5708,327,0
12.17,-1.5664,221,0
12.193,-1.5621,144,0
60,-1.5577,0,0
3.431,-1.5533,776,0
3.418,-1.549,1518,0
3.407,-1.5446,1738,0
3.421,-1.5403,1610,0
3.412,-1.5359,1341,0
3.429,-1.5315,1021,0
3.469,-1.5272,788,0
3.463,-1.5228,871,0
3.458,-1.5184,989,0
3.461,-1.5141,1107,0
3.448,-1.5097,1148,0
3.44,-1.5053,1256,0
3.436,-1.501,1348,0
3.436,-1.4966,1969,0
3.4,-1.4923,2810,0
3.292,-1.4879,2926,0
3.278,-1.4835,2930,0
3.267,-1.4792,2884,0
3.267,-1.4748,2876,0
3.283,-1.4704,2741,0
3.309,-1.4661,1933,0
3.349,-1.4617,1464,0
3.362,-1.4573,1257,0
3.363,-1.453,557,0
3.402,-1.4486,126,0
60,-1.4443,0,0
60,-1.4399,0,0
6.152,-1.4355,269,0
6.139,-1.4312,236,0
60,-1.4268,0,0
60,-1.4224,0,0
0,0,112,0
60,-1.4137,0,0
3.427,-1.4094,282,0
3.388,-1.405,670,0
3.362,-1.4006,1096,0
3.37,-1.3963,1294,0
3.362,-1.3919,1407,0
3.358,-1.3875,1380,0
3.373,-1.3832,1455,0
3.355,-1.3788,1523,0
3.361,-1.3744,1698,0
3.367,-1.3701,2021,0
3.354,-1.3657,2268,0
3.353,-1.3614,2436,0
3.355,-1.357,2469,0
3.337,-1.3526,2530,0
3.355,-1.3483,2570,0
3.352,-1.3439,2544,0
3.342,-1.3395,2516,0
3.347,-1.3352,2409,0
3.367,-1.3308,2240,0
3.356,-1.3265,2111,0
3.367,-1.3221,1878,0
3.348,-1.3177,1661,0
3.351,-1.3134,1592,0
3.363,-1.309,1609,0
3.368,-1.3046,1581,0
3.369,-1.3003,1622,0
3.358,-1.2959,1604,0
3.359,-1.2915,1633,0
3.365,-1.2872,1612,0
3.359,-1.2828,1660,0
3.367,-1.2785,1689,0
3.367,-1.2741,1713,0
3.371,-1.2697,1655,0
3.379,-1.2654,1630,0
3.381,-1.261,1676,0
3.35,-1.2566,1695,0
3.367,-1.2523,1750,0
3.385,-1.2479,1890,0
3.393,-1.2435,2063,0
3.395,-1.2392,2381,0
3.39,-1.2348,2606,0
3.388,-1.2305,2814,0
3.393,-1.2261,2927,0
3.387,-1.2217,2918,0
3.383,-1.2174,2988,0
3.375,-1.213,3002,0
3.354,-1.2086,2978,0
3.327,-1.2043,2981,0
3.31,-1.1999,2984,0
3.285,-1.1956,2959,0
3.258,-1.1912,3010,0
3.236,-1.1868,3000,0
3.221,-1.1825,3010,0
3.174,-1.1781,3065,0
3.155,-1.1737,3067,0
3.141,-1.1694,3049,0
3.124,-1.165,3042,0
3.109,-1.1606,3048,0
3.075,-1.1563,3040,0
3.053,-1.1519,2973,0
3.045,-1.1476,3035,0
3.03,-1.1432,2971,0
2.999,-1.1388,3022,0
2.993,-1.1345,3014,0
2.966,-1.1301,3037,0
2.949,-1.1257,3038,0
2.935,-1.1214,3013,0
2.925,-1.117,3031,0
2.899,-1.1126,3082,0
2.88,-1.1083,3082,0
2.869,-1.1039,3103,0
2.839,-1.0996,3146,0
2.811,-1.0952,3125,0
2.774,-1.0908,3152,0
2.783,-1.0865,3145,0
2.774,-1.0821,3169,0
2.749,-1.0777,3164,0
2.743,-1.0734,3151,0
2.735,-1.069,3179,0
2.71,-1.0647,3180,0
2.694,-1.0603,3123,0
2.689,-1.0559,3172,0
2.671,-1.0516,3153,0
2.658,-1.0472,3122,0
2.646,-1.0428,3134,0
2.622,-1.0385,3209,0
2.612,-1.0341,3100,0
2.589,-1.0297,3214,0
2.578,-1.0254,3157,0
2.558,-1.021,3195,0
2.548,-1.0167,3127,0
2.517,-1.0123,3175,0
2.509,-1.0079,3179,0
2.51,-1.0036,3251,0
2.487,-0.9992,3248,0
2.475,-0.99484,3252,0
2.464,-0.99047,3281,0
2.456,-0.98611,3221,0
2.449,-0.98175,3272,0
2.435,-0.97738,3236,0
2.429,-0.97302,3258,0
2.412,-0.96866,3220,0
2.406,-0.96429,3284,0
2.388,-0.95993,3251,0
2.377,-0.95557,3247,0
2.372,-0.9512,3236,0
2.366,-0.94684,3314,0
2.346,-0.94248,3267,0
2.323,-0.93811,3344,0
2.321,-0.93375,3342,0
2.315,-0.92939,3353,0
2.317,-0.92502,3338,0
2.31,-0.92066,3332,0
2.286,-0.9163,3278,0
2.278,-0.91193,3327,0
2.266,-0.90757,3307,0
2.261,-0.90321,3318,0
2.253,-0.89884,3334,0
2.252,-0.89448,3334,0
2.242,-0.89012,3375,0
2.231,-0.88575,3325,0
2.234,-0.88139,3334,0
2.215,-0.87703,3290,0
2.195,-0.87266,3308,0
2.172,-0.8683,3332,0
2.164,-0.86394,3368,0
2.161,-0.85957,3391,0
2.156,-0.85521,3358,0
2.164,-0.85085,3398,0
2.15,-0.84648,3418,0
2.139,-0.84212,3355,0
2.149,-0.83776,3356,0
2.139,-0.83339,3368,0
2.142,-0.82903,3376,0
2.127,-0.82467,3330,0
2.127,-0.8203,3359,0
2.119,-0.81594,3349,0
2.116,-0.81158,3401,0
2.107,-0.80721,3410,0
2.097,-0.80285,3411,0
2.093,-0.79849,3411,0
2.082,-0.79412,3442,0
2.056,-0.78976,3401,1
2.044,-0.7854,3413,1
2.032,-0.78103,3471,1
2.018,-0.77667,3424,1
1.988,-0.77231,3417,1
1.976,-0.76794,3502,1
1.94,-0.76358,3462,1
1.936,-0.75922,3483,1
1.953,-0.75485,3500,1
1.946,-0.75049,3517,1
1.942,-0.74613,3500,1
1.945,-0.74176,3537,1
1.937,-0.7374,3544,1
1.921,-0.73304,3518,1
1.933,-0.72867,3542,1
1.936,-0.72431,3529,1
1.925,-0.71995,3487,1
1.937,-0.71558,3502,1
1.925,-0.71122,3546,1
1.933,-0.70686,3452,1
1.931,-0.7025,3521,1
1.931,-0.69813,3524,1
1.934,-0.69377,3499,1
1.904,-0.68941,3517,1
1.897,-0.68504,3462,1
1.906,-0.68068,3472,1
1.919,-0.67632,3539,0
1.913,-0.67195,3477,0
1.912,-0.66759,3518,0
1.919,-0.66323,3510,0
1.904,-0.65886,3531,0
1.902,-0.6545,3537,0
1.907,-0.65014,3518,0
1.905,-0.64577,3515,0
1.889,-0.64141,3520,0
1.888,-0.63705,3516,0
1.886,-0.63268,3498,0
1.882,-0.62832,3533,0
1.884,-0.62396,3508,0
1.876,-0.61959,3520,0
1.879,-0.61523,3577,0
1.865,-0.61087,3586,0
1.843,-0.6065,3595,0
1.856,-0.60214,3553,0
1.856,-0.59778,3569,0
1.853,-0.59341,3510,0
1.843,-0.58905,3395,0
1.85,-0.58469,3428,0
1.854,-0.58032,3516,0
1.845,-0.57596,3457,0
1.834,-0.5716,3433,0
1.839,-0.56723,3437,0
1.829,-0.56287,3459,0
1.837,-0.55851,3418,0
1.831,-0.55414,3443,0
1.829,-0.54978,3477,0
1.828,-0.54542,3485,0
1.814,-0.54105,3502,0
1.817,-0.53669,3488,0
1.822,-0.53233,3436,0
1.795,-0.52796,3467,0
1.796,-0.5236,3486,0
1.821,-0.51924,3454,0
1.817,-0.51487,3518,0
1.806,-0.51051,3475,0
1.804,-0.50615,3510,0
1.8,-0.50178,3507,0
1.803,-0.49742,3487,0
1.802,-0.49306,3510,0
1.781,-0.48869,3485,0
1.797,-0.48433,3482,0
1.79,-0.47997,3478,0
1.782,-0.4756,3517,0
1.773,-0.47124,3492,0
1.783,-0.46688,3524,0
1.776,-0.46251,3565,0
1.773,-0.45815,3530,0
1.77,-0.45379,3552,0
1.74,-0.44942,3619,0
1.747,-0.44506,3504,0
1.758,-0.4407,3531,0
1.751,-0.43633,3492,0
1.758,-0.43197,3476,0
1.764,-0.42761,3543,0
1.75,-0.42324,3526,0
1.751,-0.41888,3547,0
1.761,-0.41452,3495,0
1.748,-0.41015,3511,0
1.738,-0.40579,3518,0
1.744,-0.40143,3481,0
1.735,-0.39706,3587,0
1.746,-0.3927,3482,0
1.741,-0.38834,3504,0
1.745,-0.38397,3580,0
1.74,-0.37961,3598,0
1.733,-0.37525,3533,0
1.731,-0.37088,3594,0
1.712,-0.36652,3579,0
1.726,-0.36216,3530,0
1.729,-0.35779,3608,0
1.72,-0.35343,3596,0
1.721,-0.34907,3613,0
1.727,-0.3447,3504,0
1.715,-0.34034,3555,0
1.729,-0.33598,3572,0
1.731,-0.33161,3626,0
1.729,-0.32725,3566,0
1.71,-0.32289,3604,0
1.716,-0.31852,3587,0
1.712,-0.31416,3568,0
1.697,-0.3098,3519,0
1.705,-0.30543,3544,0
1.711,-0.30107,3598,0
1.696,-0.29671,3600,0
1.705,-0.29234,3529,0
1.692,-0.28798,3555,0
1.687,-0.28362,3545,0
1.698,-0.27925,3549,0
1.686,-0.27489,3545,0
1.684,-0.27053,3530,0
1.697,-0.26616,3605,0
1.694,-0.2618,3540,0
1.69,-0.25744,3488,0
1.689,-0.25307,3540,0
1.672,-0.24871,3492,0
1.67,-0.24435,3508,0
1.687,-0.23998,3480,0
1.686,-0.23562,3447,0
1.686,-0.23126,3521,0
1.681,-0.22689,3521,0
1.687,-0.22253,3473,0
1.687,-0.21817,3567,0
1.672,-0.2138,3554,0
1.672,-0.20944,3497,0
1.681,-0.20508,3488,0
1.677,-0.20071,3521,0
1.697,-0.19635,3512,0
1.69,-0.19199,3504,0
1.681,-0.18762,3492,0
1.686,-0.18326,3509,0
1.676,-0.1789,3549,0
1.68,-0.17453,3522,0
1.685,-0.17017,3539,0
1.679,-0.16581,3467,0
1.674,-0.16144,3425,0
1.689,-0.15708,3474,0
1.692,-0.15272,3445,0
1.681,-0.14835,3445,0
1.681,-0.14399,3400,0
1.685,-0.13963,3379,0
1.688,-0.13526,3423,0
1.669,-0.1309,3383,0
1.667,-0.12654,3452,0
1.681,-0.12217,3513,0
1.677,-0.11781,3450,0
1.686,-0.11345,3465,0
1.674,-0.10908,3435,0
1.681,-0.10472,3504,0
1.686,-0.10036,3494,0
1.687,-0.095993,3580,0
1.686,-0.09163,3504,0
1.68,-0.087266,3504,0
1.68,-0.082903,3529,0
1.69,-0.07854,3531,0
1.694,-0.074176,3524,0
1.7,-0.069813,3497,0
1.689,-0.06545,3531,0
1.7,-0.061087,3482,0
1.707,-0.056723,3494,0
1.695,-0.05236,3530,0
1.679,-0.047997,3514,0
1.705,-0.043633,3455,0
1.713,-0.03927,3463,0
1.706,-0.034907,3483,0
1.712,-0.030543,3529,0
1.703,-0.02618,3541,0
1.695,-0.021817,3535,0
1.692,-0.017453,3562,0
1.696,-0.01309,3581,0
1.685,-0.0087266,3543,0
1.699,-0.0043633,3511,0
1.681,0,3486,0
1.685,0.0043633,3490,0
1.699,0.0087266,3519,0
1.695,0.01309,3542,0
1.691,0.017453,3541,0
1.699,0.021817,3498,0
1.692,0.02618,3483,0
1.704,0.030543,3477,0
1.728,0.034907,3458,0
1.73,0.03927,3479,0
1.734,0.043633,3506,0
1.737,0.047997,3504,0
1.734,0.05236,3520,0
1.731,0.056723,3483,0
1.731,0.061087,3474,0
1.738,0.06545,3447,0
1.739,0.069813,3451,0
1.743,0.074176,3456,0
1.747,0.07854,3425,0
1.756,0.082903,3485,0
1.751,0.087266,3433,0
1.755,0.09163,3409,0
1.762,0.095993,3469,0
1.755,0.10036,3450,0
1.745,0.10472,3467,0
1.737,0.10908,3486,0
1.751,0.11345,3472,0
1.744,0.11781,3494,0
1.755,0.12217,3489,0
1.751,0.12654,3506,0
1.751,0.1309,3502,0
1.762,0.13526,3457,0
1.76,0.13963,3372,0
1.76,0.14399,3340,0
1.779,0.14835,3435,0
1.771,0.15272,3446,0
1.77,0.15708,3430,0
1.777,0.16144,3431,0
1.784,0.16581,3468,0
1.775,0.17017,3496,0
1.782,0.17453,3501,0
1.788,0.1789,3443,0
1.785,0.18326,3447,0
1.776,0.18762,3442,0
1.777,0.19199,3440,0
1.787,0.19635,3441,0
1.792,0.20071,3403,0
1.793,0.20508,3381,0
1.786,0.20944,3290,0
1.801,0.2138,3385,0
1.816,0.21817,3362,0
1.81,0.22253,3400,0
1.814,0.22689,3425,0
1.821,0.23126,3460,0
1.824,0.23562,3393,0
1.823,0.23998,3368,0
1.828,0.24435,3302,0
1.836,0.24871,3322,0
1.838,0.25307,3324,0
1.841,0.25744,3329,0
1.844,0.2618,3372,0
1.833,0.26616,3351,0
1.837,0.27053,3375,0
1.833,0.27489,3399,0
1.783,0.27925,3488,0
1.654,0.28362,3484,0
1.574,0.28798,3153,0
1.495,0.29234,3060,0
1.457,0.29671,3225,0
1.456,0.30107,3261,0
1.462,0.30543,3360,0
1.457,0.3098,3305,0
1.473,0.31416,3311,0
1.448,0.31852,3343,0
1.468,0.32289,3365,0
1.474,0.32725,3328,0
1.474,0.33161,3358,0
1.474,0.33598,3358,0
1.491,0.34034,3288,0
1.484,0.3447,3324,0
1.49,0.34907,3364,0
1.492,0.35343,3337,0
1.481,0.35779,3335,0
1.483,0.36216,3235,0
1.503,0.36652,3302,0
1.498,0.37088,3261,0
1.507,0.37525,3310,0
1.507,0.37961,3280,0
1.503,0.38397,3287,0
1.515,0.38834,3321,0
1.529,0.3927,3305,0
1.531,0.39706,3284,0
1.524,0.40143,3258,0
1.539,0.40579,3305,0
1.55,0.41015,3331,0
1.563,0.41452,3786,0
1.603,0.41888,4055,0
1.865,0.42324,3664,0
2.028,0.42761,3380,0
2.027,0.43197,3324,0
2.021,0.43633,3276,0
2.033,0.4407,3298,0
2.044,0.44506,3243,0
2.069,0.44942,3249,0
2.067,0.45379,3198,0
2.07,0.45815,3183,0
2.085,0.46251,3215,0
2.087,0.46688,3260,0
2.092,0.47124,3222,0
2.108,0.4756,3265,0
2.111,0.47997,3256,0
2.122,0.48433,3237,0
2.136,0.48869,3282,0
2.128,0.49306,3278,0
2.142,0.49742,3274,0
2.152,0.50178,3257,0
2.156,0.50615,3247,0
2.153,0.51051,3215,0
2.157,0.51487,3262,0
2.159,0.51924,3267,0
2.172,0.5236,3225,0
2.183,0.52796,3240,0
2.201,0.53233,3276,0
2.189,0.53669,3248,0
2.199,0.54105,3262,0
2.231,0.54542,3273,0
2.24,0.54978,3233,0
2.25,0.55414,3253,0
2.265,0.55851,3261,0
2.267,0.56287,3241,0
2.264,0.56723,3232,0
2.277,0.5716,3222,0
2.283,0.57596,3165,0
2.29,0.58032,3222,0
2.302,0.58469,3195,0
2.317,0.58905,3210,0
2.308,0.59341,3191,0
2.318,0.59778,3208,0
2.312,0.60214,3184,0
2.331,0.6065,3212,0
2.349,0.61087,3135,0
2.373,0.61523,3075,0
2.385,0.61959,3116,0
2.39,0.62396,3174,0
2.402,0.62832,3148,0
2.411,0.63268,3170,0
2.432,0.63705,3105,0
2.432,0.64141,3103,0
2.437,0.64577,3079,0
2.443,0.65014,3062,0
2.464,0.6545,3155,0
2.461,0.65886,3108,0
2.478,0.66323,3147,0
2.484,0.66759,3113,0
2.477,0.67195,3152,0
2.443,0.67632,3141,0
2.421,0.68068,3110,0
2.416,0.68504,3090,0
2.442,0.68941,3116,0
2.442,0.69377,3070,0
2.446,0.69813,3051,0
2.453,0.7025,3045,0
2.466,0.70686,3048,0
2.464,0.71122,2985,0
2.476,0.71558,3051,0
2.491,0.71995,3039,0
2.503,0.72431,3100,0
2.509,0.72867,3041,0
2.517,0.73304,3061,0
2.547,0.7374,3067,0
2.589,0.74176,3236,0
2.754,0.74613,3017,0
2.756,0.75049,3030,0
2.772,0.75485,2971,0
2.783,0.75922,3029,0
2.804,0.76358,2946,0
2.824,0.76794,2933,0
2.845,0.77231,2863,0
2.857,0.77667,2875,0
2.866,0.78103,2900,0
2.89,0.7854,2877,0
2.907,0.78976,2904,0
2.918,0.79412,2949,0
2.929,0.79849,2866,0
2.954,0.80285,2928,0
2.959,0.80721,2943,0
2.966,0.81158,2947,0
2.988,0.81594,2923,0
3.015,0.8203,2932,0
3.022,0.82467,2881,0
3.056,0.82903,2916,0
3.077,0.83339,2886,0
3.077,0.83776,2888,0
3.094,0.84212,2919,0
3.134,0.84648,2883,0
3.142,0.85085,2829,0
3.158,0.85521,2877,0
3.184,0.85957,2875,0
3.203,0.86394,2837,0
3.223,0.8683,2837,0
3.252,0.87266,2868,0
3.275,0.87703,2848,0
3.299,0.88139,2861,0
3.327,0.88575,2858,0
3.337,0.89012,2885,0
3.344,0.89448,2894,0
3.38,0.89884,2798,0
3.408,0.90321,2790,0
3.428,0.90757,2849,0
3.457,0.91193,2779,0
3.487,0.9163,2818,0
3.489,0.92066,2814,0
3.521,0.92502,2767,0
3.569,0.92939,2785,0
3.581,0.93375,2762,0
3.608,0.93811,2746,0
3.642,0.94248,2768,0
3.67,0.94684,2750,0
3.692,0.9512,2766,0
3.724,0.95557,2756,0
3.755,0.95993,2768,0
3.786,0.96429,2728,0
3.816,0.96866,2705,0
3.842,0.97302,2740,0
3.86,0.97738,2692,0
3.907,0.98175,2674,0
3.944,0.98611,2669,0
3.98,0.99047,2722,0
4.007,0.99484,2711,0
4.049,0.9992,2693,0
4.093,1.0036,2727,0
4.127,1.0079,2726,0
4.168,1.0123,2651,0
4.174,1.0167,2419,0
4.129,1.021,2038,0
4.124,1.0254,1616,0
4.215,1.0297,1672,0
4.435,1.0341,2598,0
4.517,1.0385,2685,0
4.393,1.0428,2724,0
4.241,1.0472,1742,0
4.293,1.0516,2161,0
4.287,1.0559,2251,0
4.26,1.0603,1947,0
4.245,1.0647,1515,0
4.26,1.069,2083,0
5.054,1.0734,2324,0
5.004,1.0777,2465,0
5.066,1.0821,2480,0
5.148,1.0865,2368,0
5.189,1.0908,2217,0
5.209,1.0952,1904,0
5.276,1.0996,1534,0
4.546,1.1039,1407,0
4.528,1.1083,1467,0
4.499,1.1126,1418,0
4.495,1.117,1586,0
4.507,1.1214,2320,0
4.63,1.1257,2037,0
4.665,1.1301,1891,0
4.6,1.1345,1792,0
4.916,1.1388,1311,0
4.751,1.1432,1481,0
4.684,1.1476,1678,0
4.708,1.1519,1292,0
4.69,1.1563,1384,0
4.743,1.1606,1435,0
4.975,1.165,973,0
4.954,1.1694,1035,0
4.952,1.1737,1255,0
4.94,1.1781,1590,0
4.927,1.1825,1921,0
4.923,1.1868,2123,0
4.918,1.1912,2238,0
4.895,1.1956,2247,0
4.885,1.1999,2219,0
4.876,1.2043,2272,0
4.863,1.2086,2313,0
4.838,1.213,2300,0
4.831,1.2174,2327,0
4.821,1.2217,2377,0
4.805,1.2261,2335,0
4.801,1.2305,2378,0
4.789,1.2348,2322,0
4.757,1.2392,2371,0
4.766,1.2435,2355,0
4.754,1.2479,2291,0
4.733,1.2523,2361,0
4.725,1.2566,2353,0
4.721,1.261,2336,0
4.696,1.2654,2374,0
4.683,1.2697,2341,0
4.686,1.2741,2319,0
4.684,1.2785,2289,0
4.663,1.2828,2332,0
4.656,1.2872,2339,0
4.646,1.2915,2320,0
4.622,1.2959,2328,0
4.628,1.3003,2361,0
4.625,1.3046,2324,0
4.604,1.309,2337,0
4.591,1.3134,2424,0
4.567,1.3177,2355,0
4.549,1.3221,2327,0
4.567,1.3265,2340,0
4.555,1.3308,2311,0
4.546,1.3352,2354,0
4.526,1.3395,2340,0
4.529,1.3439,2348,0
4.534,1.3483,2324,0
4.52,1.3526,2343,0
4.5,1.357,2362,0
4.499,1.3614,2375,0
4.483,1.3657,2341,0
4.481,1.3701,2352,0
4.477,1.3744,2408,0
4.47,1.3788,2332,0
4.459,1.3832,2398,0
4.459,1.3875,2364,0
4.444,1.3919,2377,0
4.429,1.3963,2364,0
4.412,1.4006,2361,0
4.404,1.405,2401,0
4.412,1.4094,2354,0
4.413,1.4137,2433,0
4.394,1.4181,2338,0
4.395,1.4224,2391,0
4.394,1.4268,2345,0
4.383,1.4312,2379,0
4.363,1.4355,2366,0
4.365,1.4399,2349,0
4.368,1.4443,2339,0
4.354,1.4486,2347,0
4.346,1.453,2387,0
4.352,1.4573,2352,0
4.329,1.4617,2415,0
4.308,1.4661,2396,0
4.318,1.4704,2375,0
4.323,1.4748,2395,0
4.316,1.4792,2400,0
4.308,1.4835,2396,0
4.298,1.4879,2370,0
4.304,1.4923,2370,0
4.298,1.4966,2427,0
4.278,1.501,2405,0
4.279,1.5053,2448,0
4.279,1.5097,2433,0
4.266,1.5141,2437,0
4.263,1.5184,2432,0
4.27,1.5228,2400,0
4.253,1.5272,2438,0
4.253,1.5315,2462,0
4.26,1.5359,2439,0
4.226,1.5403,2429,0
4.235,1.5446,2456,0
4.234,1.549,2454,0
4.233,1.5533,2465,0
4.233,1.5577,2414,0
4.231,1.5621,2418,0
4.217,1.5664,2473,0
4.221,1.5708,2483,0
4.226,1.5752,2469,0
4.212,1.5795,2443,0
4.205,1.5839,2456,0
4.215,1.5882,2450,0
4.203,1.5926,2416,0
4.195,1.597,2477,0
4.209,1.6013,2415,0
4.203,1.6057,2450,0
4.194,1.6101,2430,0
4.199,1.6144,2471,0
4.184,1.6188,2453,0
4.176,1.6232,2484,0
4.188,1.6275,2446,0
4.173,1.6319,2499,0
4.183,1.6362,2481,0
4.168,1.6406,2440,0
4.174,1.645,2451,0
4.166,1.6493,2402,0
4.165,1.6537,2436,0
4.165,1.6581,2474,0
4.171,1.6624,2429,0
4.168,1.6668,2428,0
4.174,1.6712,2470,0
4.171,1.6755,2453,0
4.172,1.6799,2440,0
4.169,1.6842,2492,0
4.167,1.6886,2450,0
4.151,1.693,2448,0
4.155,1.6973,2442,0
4.141,1.7017,2443,0
4.145,1.7061,2489,0
4.158,1.7104,2439,0
4.154,1.7148,2435,0
4.15,1.7191,2468,0
4.15,1.7235,2486,0
4.147,1.7279,2439,0
4.148,1.7322,2466,0
4.148,1.7366,2460,0
4.145,1.741,2465,0
4.144,1.7453,2473,0
4.16,1.7497,2422,0
4.153,1.7541,2480,0
4.15,1.7584,2464,0
4.148,1.7628,2459,0
4.147,1.7671,2466,0
4.153,1.7715,2446,0
4.152,1.7759,2431,0
4.141,1.7802,2467,0
4.146,1.7846,2460,0
4.152,1.789,2473,0
4.163,1.7933,2459,0
4.157,1.7977,2476,0
4.152,1.8021,2427,0
4.157,1.8064,2459,0
4.161,1.8108,2436,0
4.156,1.8151,2435,0
4.161,1.8195,2501,0
4.158,1.8239,2468,0
4.158,1.8282,2455,0
4.167,1.8326,2439,0
4.167,1.837,2467,0
4.156,1.8413,2465,0
4.184,1.8457,2426,0
4.176,1.85,2420,0
4.151,1.8544,2428,0
4.184,1.8588,2421,0
4.172,1.8631,2420,0
4.181,1.8675,2459,0
4.184,1.8719,2393,0
4.182,1.8762,2480,0
4.184,1.8806,2443,0
4.19,1.885,2423,0
4.196,1.8893,2421,0
4.196,1.8937,2422,0
4.2,1.898,2393,0
4.206,1.9024,2426,0
4.203,1.9068,2426,0
4.201,1.9111,2388,0
4.207,1.9155,2417,0
4.213,1.9199,2400,0
4.206,1.9242,2404,0
4.208,1.9286,2398,0
4.219,1.933,2400,0
4.212,1.9373,2369,0
4.225,1.9417,2351,0
4.227,1.946,2390,0
4.207,1.9504,2408,0
4.163,1.9548,2400,0
4.161,1.9591,2406,0
4.153,1.9635,2403,0
4.164,1.9679,2406,0
4.17,1.9722,2414,0
4.172,1.9766,2387,0
4.168,1.9809,2391,0
4.182,1.9853,2417,0
4.186,1.9897,2399,0
4.221,1.994,2384,0
4.281,1.9984,2386,0
4.278,2.0028,2338,0
4.288,2.0071,2370,0
4.295,2.0115,2345,0
4.296,2.0159,2343,0
4.301,2.0202,2327,0
4.313,2.0246,2288,0
4.322,2.0289,2289,0
4.315,2.0333,2321,0
4.323,2.0377,2301,0
4.326,2.042,2317,0
4.314,2.0464,2284,0
4.333,2.0508,2315,0
4.356,2.0551,2276,0
4.35,2.0595,2272,0
4.364,2.0639,2233,0
4.375,2.0682,2288,0
4.378,2.0726,2278,0
4.377,2.0769,2241,0
4.391,2.0813,2240,0
4.399,2.0857,2263,0
4.395,2.09,2272,0
4.407,2.0944,2239,0
4.42,2.0988,2221,0
4.423,2.1031,2273,0
4.416,2.1075,2248,0
4.44,2.1118,2234,0
4.445,2.1162,2097,0
4.434,2.1206,1738,0
4.456,2.1249,935,0
0.308,2.1293,2952,0
0.31,2.1337,3029,0
0.313,2.138,3122,0
0.315,2.1424,3055,0
0.315,2.1468,3105,0
0.318,2.1511,3159,0
0.31,2.1555,3112,0
0.303,2.1598,3103,0
0.305,2.1642,3140,0
0.3,2.1686,3170,0
0.295,2.1729,3145,0
0.296,2.1773,3118,0
0.295,2.1817,3124,0
0.289,2.186,3134,0
0.296,2.1904,3165,0
0.298,2.1948,3106,0
0.275,2.1991,3113,0
0.27,2.2035,3156,0
0.276,2.2078,3156,0
0.283,2.2122,3075,0
0.282,2.2166,3148,0
0.291,2.2209,3095,0
0.272,2.2253,3086,0
0.276,2.2297,3047,0
0.281,2.234,3058,0
0.276,2.2384,3105,0
0.278,2.2427,3050,0
0.275,2.2471,3044,0
0.272,2.2515,3085,0
0.268,2.2558,3086,0
0.271,2.2602,3042,0
0.267,2.2646,3018,0
0.278,2.2689,3035,0
0.27,2.2733,3046,0
0.269,2.2777,3033,0
0.255,2.282,3033,0
0.264,2.2864,3009,0
0.271,2.2907,3033,0
0.265,2.2951,3049,0
0.265,2.2995,3013,0
0.265,2.3038,3008,0
0.267,2.3082,2992,0
0.265,2.3126,3041,0
0.261,2.3169,3028,0
0.266,2.3213,3014,0
0.26,2.3257,2996,0
0.261,2.33,3021,0
0.262,2.3344,2988,0
0.257,2.3387,3049,0
0.255,2.3431,3022,0
0.257,2.3475,2961,0
0.254,2.3518,2955,0
0.264,2.3562,2965,0
