4.413,-2.3562,2333,0
4.431,-2.3518,2099,0
4.445,-2.3475,2311,0
4.461,-2.3431,2363,0
4.485,-2.3387,2351,0
4.492,-2.3344,2327,0
4.505,-2.33,2364,0
4.537,-2.3257,2377,0
4.55,-2.3213,2347,0
4.574,-2.3169,2338,0
4.578,-2.3126,2348,0
4.608,-2.3082,2305,0
4.621,-2.3038,2395,0
4.635,-2.2995,2365,0
4.661,-2.2951,2355,0
4.687,-2.2907,2352,0
4.699,-2.2864,2395,0
4.717,-2.282,2353,0
4.744,-2.2777,2369,0
4.765,-2.2733,2408,0
4.787,-2.2689,2354,0
4.802,-2.2646,2365,0
4.827,-2.2602,2394,0
4.844,-2.2558,2185,0
4.862,-2.2515,2384,0
4.882,-2.2471,2400,0
4.927,-2.2427,2395,0
4.934,-2.2384,2402,0
4.95,-2.234,2349,0
4.98,-2.2297,2355,0
5.004,-2.2253,2407,0
5.024,-2.2209,2386,0
5.05,-2.2166,2387,0
5.077,-2.2122,2353,0
5.104,-2.2078,2411,0
5.134,-2.2035,2345,0
5.14,-2.1991,2265,0
5.166,-2.1948,2375,0
5.201,-2.1904,2443,0
5.227,-2.186,2341,0
5.257,-2.1817,2220,0
5.256,-2.1773,2281,0
5.224,-2.1729,2163,0
5.213,-2.1686,2216,0
5.178,-2.1642,2478,0
5.15,-2.1598,2543,0
5.129,-2.1555,2523,0
5.128,-2.1511,2547,0
5.112,-2.1468,2560,0
5.091,-2.1424,2566,0
5.076,-2.138,2544,0
5.058,-2.1337,2554,0
5.052,-2.1293,2558,0
5.03,-2.1249,2571,0
5.014,-2.1206,2570,0
5.009,-2.1162,2565,0
4.99,-2.1118,2563,0
4.977,-2.1075,2574,0
4.947,-2.1031,2560,0
4.939,-2.0988,2571,0
4.935,-2.0944,2537,0
4.918,-2.09,2585,0
4.906,-2.0857,2577,0
4.897,-2.0813,2597,0
4.876,-2.0769,2611,0
4.864,-2.0726,2616,0
4.863,-2.0682,2573,0
4.846,-2.0639,2601,0
4.849,-2.0595,2601,0
4.823,-2.0551,2654,0
4.816,-2.0508,2616,0
4.802,-2.0464,2587,0
4.777,-2.042,2622,0
4.776,-2.0377,2642,0
4.76,-2.0333,2616,0
4.735,-2.0289,2657,0
4.718,-2.0246,2579,0
4.727,-2.0202,2630,0
4.708,-2.0159,2655,0
4.695,-2.0115,2641,0
4.693,-2.0071,2687,0
4.694,-2.0028,2666,0
4.666,-1.9984,2660,0
4.66,-1.994,2664,0
4.641,-1.9897,2653,0
4.641,-1.9853,2541,0
4.645,-1.9809,2417,0
4.635,-1.9766,2396,0
4.636,-1.9722,2420,0
4.615,-1.9679,2442,0
4.612,-1.9635,2420,0
4.595,-1.9591,2414,0
4.586,-1.9548,2427,0
4.569,-1.9504,2443,0
4.546,-1.946,2424,0
4.568,-1.9417,2435,0
4.555,-1.9373,2453,0
4.529,-1.933,2479,0
4.539,-1.9286,2461,0
4.53,-1.9242,2437,0
4.512,-1.9199,2479,0
4.523,-1.9155,2459,0
4.508,-1.9111,2484,0
4.5,-1.9068,2471,0
4.496,-1.9024,2449,0
4.48,-1.898,2471,0
4.473,-1.8937,2457,0
4.469,-1.8893,2477,0
4.448,-1.885,2488,0
4.449,-1.8806,2465,0
4.453,-1.8762,2452,0
4.444,-1.8719,2496,0
4.428,-1.8675,2494,0
4.43,-1.8631,2494,0
4.404,-1.8588,2532,0
4.416,-1.8544,2501,0
4.404,-1.85,2511,0
4.401,-1.8457,2517,0
4.398,-1.8413,2521,0
4.391,-1.837,2516,0
4.375,-1.8326,2537,0
4.371,-1.8282,2504,0
4.384,-1.8239,2543,0
4.364,-1.8195,2517,0
4.363,-1.8151,2531,0
4.364,-1.8108,2528,0
4.351,-1.8064,2542,0
4.341,-1.8021,2562,0
4.338,-1.7977,2540,0
4.341,-1.7933,2555,0
4.332,-1.789,2551,0
4.308,-1.7846,2560,0
4.309,-1.7802,2562,0
4.306,-1.7759,2553,0
4.307,-1.7715,2608,0
4.304,-1.7671,2567,0
4.302,-1.7628,2579,0
4.299,-1.7584,2591,0
4.287,-1.7541,2571,0
4.28,-1.7497,2579,0
4.291,-1.7453,2611,0
4.288,-1.741,2598,0
4.271,-1.7366,2620,0
4.276,-1.7322,2624,0
4.274,-1.7279,2631,0
4.26,-1.7235,2597,0
4.268,-1.7191,2627,0
4.264,-1.7148,2620,0
4.256,-1.7104,2655,0
4.237,-1.7061,2637,0
4.232,-1.7017,2676,0
4.245,-1.6973,2660,0
4.241,-1.693,2628,0
4.237,-1.6886,2595,0
4.238,-1.6842,2652,0
4.233,-1.6799,2680,0
4.233,-1.6755,2648,0
4.221,-1.6712,2658,0
4.218,-1.6668,2672,0
4.231,-1.6624,2650,0
4.216,-1.6581,2623,0
4.214,-1.6537,2706,0
4.21,-1.6493,2688,0
4.214,-1.645,2681,0
4.208,-1.6406,2664,0
4.208,-1.6362,2702,0
4.203,-1.6319,2688,0
4.189,-1.6275,2731,0
4.19,-1.6232,2716,0
4.198,-1.6188,2731,0
4.159,-1.6144,2831,0
3.403,-1.6101,4211,0
3.33,-1.6057,4098,0
3.289,-1.6013,3288,0
3.285,-1.597,3045,0
3.285,-1.5926,3353,0
3.321,-1.5882,4093,0
3.379,-1.5839,4273,0
4.196,-1.5795,2793,0
4.185,-1.5752,2779,0
4.182,-1.5708,2741,0
4.185,-1.5664,2699,0
4.191,-1.5621,2746,0
4.188,-1.5577,2725,0
4.187,-1.5533,2740,0
4.176,-1.549,2750,0
4.19,-1.5446,2738,0
4.186,-1.5403,2692,0
4.202,-1.5359,2696,0
4.182,-1.5315,2708,0
4.183,-1.5272,2720,0
4.181,-1.5228,2742,0
4.183,-1.5184,2716,0
4.182,-1.5141,2719,0
4.192,-1.5097,2653,0
4.192,-1.5053,2662,0
4.196,-1.501,2665,0
4.194,-1.4966,2696,0
4.188,-1.4923,2707,0
4.195,-1.4879,2679,0
4.192,-1.4835,2691,0
4.209,-1.4792,2647,0
4.195,-1.4748,2675,0
4.187,-1.4704,2650,0
4.192,-1.4661,2630,0
4.201,-1.4617,2648,0
4.211,-1.4573,2612,0
4.198,-1.453,2568,0
4.203,-1.4486,2516,0
4.208,-1.4443,2527,0
4.211,-1.4399,2555,0
4.209,-1.4355,2535,0
4.22,-1.4312,2546,0
4.22,-1.4268,2570,0
4.185,-1.4224,2547,0
4.16,-1.4181,2544,0
4.179,-1.4137,2557,0
4.22,-1.4094,2531,0
4.232,-1.405,2549,0
4.239,-1.4006,2579,0
4.235,-1.3963,2533,0
4.239,-1.3919,2573,0
4.237,-1.3875,2546,0
4.238,-1.3832,2551,0
4.234,-1.3788,2570,0
4.252,-1.3744,2567,0
4.235,-1.3701,2547,0
4.241,-1.3657,2577,0
4.138,-1.3614,2512,0
3.964,-1.357,2674,0
3.945,-1.3526,2948,0
3.993,-1.3483,3153,0
4.218,-1.3439,2701,0
4.264,-1.3395,2572,0
4.274,-1.3352,2601,0
4.282,-1.3308,2597,0
4.29,-1.3265,2581,0
4.276,-1.3221,2592,0
4.206,-1.3177,2648,0
4.111,-1.3134,2644,0
4.046,-1.309,2575,0
3.979,-1.3046,2529,0
3.983,-1.3003,2588,0
3.984,-1.2959,2721,0
4,-1.2915,2526,0
4.042,-1.2872,2059,0
4.111,-1.2828,1520,0
4.204,-1.2785,955,0
4.303,-1.2741,762,0
4.334,-1.2697,642,0
4.369,-1.2654,580,0
4.361,-1.261,625,0
4.372,-1.2566,637,0
3.4,-1.2523,1589,0
3.362,-1.2479,2170,0
3.33,-1.2435,2401,0
3.299,-1.2392,2466,0
3.283,-1.2348,2477,0
3.283,-1.2305,2505,0
3.273,-1.2261,2536,0
3.285,-1.2217,2532,0
3.302,-1.2174,2452,0
3.297,-1.213,2434,0
3.312,-1.2086,2328,0
3.32,-1.2043,2003,0
3.328,-1.1999,2019,0
3.332,-1.1956,2200,0
3.346,-1.1912,1912,0
3.339,-1.1868,1753,0
3.337,-1.1825,1726,0
3.36,-1.1781,1908,0
3.364,-1.1737,1812,0
3.354,-1.1694,1719,0
3.371,-1.165,1708,0
3.381,-1.1606,1736,0
3.382,-1.1563,1871,0
3.385,-1.1519,2010,0
3.379,-1.1476,2032,0
3.388,-1.1432,2203,0
3.4,-1.1388,2379,0
3.403,-1.1345,2669,0
3.379,-1.1301,2833,0
3.361,-1.1257,2939,0
3.326,-1.1214,2955,0
3.292,-1.117,3014,0
3.269,-1.1126,3013,0
3.231,-1.1083,3021,0
3.216,-1.1039,2972,0
3.174,-1.0996,2989,0
3.147,-1.0952,3004,0
3.119,-1.0908,3036,0
3.09,-1.0865,2991,0
3.05,-1.0821,3028,0
3.009,-1.0777,3041,0
2.978,-1.0734,3016,0
2.934,-1.069,3037,0
2.918,-1.0647,3031,0
2.901,-1.0603,3041,0
2.867,-1.0559,3048,0
2.834,-1.0516,3009,0
2.804,-1.0472,3041,0
2.78,-1.0428,3093,0
2.756,-1.0385,3118,0
2.729,-1.0341,3119,0
2.704,-1.0297,3067,0
2.68,-1.0254,3086,0
2.663,-1.021,3100,0
2.645,-1.0167,3150,0
2.611,-1.0123,3153,0
2.591,-1.0079,3093,0
2.575,-1.0036,3146,0
2.543,-0.9992,3084,0
2.526,-0.99484,3121,0
2.502,-0.99047,3176,0
2.474,-0.98611,3172,0
2.484,-0.98175,3170,0
2.468,-0.97738,3179,0
2.433,-0.97302,3184,0
2.419,-0.96866,3228,0
2.389,-0.96429,3233,0
2.332,-0.95993,3231,0
1.953,-0.95557,3916,1
1.818,-0.9512,4083,1
1.789,-0.94684,3879,1
1.764,-0.94248,3594,1
1.742,-0.93811,3329,1
1.726,-0.93375,3267,1
1.712,-0.92939,3255,1
1.68,-0.92502,3268,1
1.666,-0.92066,3325,1
1.674,-0.9163,3273,1
1.669,-0.91193,3342,1
1.639,-0.90757,3338,1
1.636,-0.90321,3335,1
1.63,-0.89884,3301,1
1.618,-0.89448,3331,1
1.623,-0.89012,3431,1
1.621,-0.88575,3463,1
1.624,-0.88139,3517,1
1.623,-0.87703,3522,1
1.639,-0.87266,3446,1
1.657,-0.8683,3305,1
1.674,-0.86394,3259,1
1.674,-0.85957,3211,1
1.667,-0.85521,3224,1
1.678,-0.85085,3399,1
1.668,-0.84648,3473,1
1.677,-0.84212,3462,1
1.692,-0.83776,3432,1
1.688,-0.83339,3615,1
1.851,-0.82903,3581,1
1.952,-0.82467,3386,0
1.947,-0.8203,3423,0
1.932,-0.81594,3416,0
1.93,-0.81158,3433,0
1.918,-0.80721,3386,0
1.897,-0.80285,3413,0
1.894,-0.79849,3448,0
1.881,-0.79412,3429,0
1.875,-0.78976,3470,0
1.863,-0.7854,3463,0
1.852,-0.78103,3464,0
1.838,-0.77667,3475,0
1.834,-0.77231,3515,0
1.828,-0.76794,3493,0
1.811,-0.76358,3520,0
1.805,-0.75922,3544,0
1.78,-0.75485,3574,0
1.769,-0.75049,3577,0
1.792,-0.74613,3592,0
1.772,-0.74176,3545,0
1.759,-0.7374,3573,0
1.751,-0.73304,3564,0
1.741,-0.72867,3548,0
1.736,-0.72431,3578,0
1.727,-0.71995,3587,0
1.729,-0.71558,3595,0
1.714,-0.71122,3530,0
1.713,-0.70686,3503,0
1.712,-0.7025,3547,0
1.697,-0.69813,3603,0
1.684,-0.69377,3617,0
1.687,-0.68941,3583,0
1.674,-0.68504,3641,0
1.676,-0.68068,3600,0
1.665,-0.67632,3530,0
1.664,-0.67195,3633,0
1.651,-0.66759,3640,0
1.651,-0.66323,3653,0
1.651,-0.65886,3670,0
1.64,-0.6545,3558,0
1.644,-0.65014,3607,0
1.633,-0.64577,3586,0
1.639,-0.64141,3592,0
1.628,-0.63705,3669,0
1.621,-0.63268,3634,0
1.609,-0.62832,3668,0
1.603,-0.62396,3617,0
1.593,-0.61959,3673,0
1.584,-0.61523,3711,0
1.595,-0.61087,3634,0
1.589,-0.6065,3656,0
1.578,-0.60214,3627,0
1.569,-0.59778,3700,0
1.561,-0.59341,3676,0
1.538,-0.58905,3640,0
1.547,-0.58469,3647,0
1.55,-0.58032,3629,0
1.534,-0.57596,3651,0
1.534,-0.5716,3660,0
1.534,-0.56723,3674,0
1.524,-0.56287,3754,0
1.521,-0.55851,3755,0
1.52,-0.55414,3710,0
1.515,-0.54978,3727,0
1.517,-0.54542,3765,0
1.507,-0.54105,3767,0
1.497,-0.53669,3834,0
1.493,-0.53233,3806,0
1.491,-0.52796,3820,0
1.487,-0.5236,3782,0
1.486,-0.51924,3762,0
1.477,-0.51487,3743,0
1.473,-0.51051,3815,0
1.452,-0.50615,3806,0
1.447,-0.50178,3840,0
1.468,-0.49742,3810,0
1.454,-0.49306,3824,0
1.449,-0.48869,3856,0
1.444,-0.48433,3908,0
1.442,-0.47997,3849,0
1.43,-0.4756,3845,0
1.433,-0.47124,3864,0
1.442,-0.46688,3874,0
1.436,-0.46251,3886,0
1.436,-0.45815,3841,0
1.427,-0.45379,3909,0
1.42,-0.44942,3931,0
1.404,-0.44506,3836,0
1.416,-0.4407,3909,0
1.407,-0.43633,3936,0
1.403,-0.43197,3954,0
1.381,-0.42761,3970,0
1.401,-0.42324,3984,0
1.384,-0.41888,4050,0
1.387,-0.41452,4025,0
1.389,-0.41015,3940,0
1.383,-0.40579,3987,0
1.388,-0.40143,3894,0
1.366,-0.39706,3958,0
1.366,-0.3927,3937,0
1.37,-0.38834,3931,0
1.351,-0.38397,3917,0
1.365,-0.37961,3882,0
1.376,-0.37525,3871,0
1.355,-0.37088,3835,0
1.354,-0.36652,3868,0
1.352,-0.36216,3835,0
1.349,-0.35779,3892,0
1.328,-0.35343,3925,0
1.336,-0.34907,3968,0
1.34,-0.3447,3955,0
1.331,-0.34034,4042,0
1.332,-0.33598,3973,0
1.327,-0.33161,3899,0
1.328,-0.32725,3985,0
1.322,-0.32289,3973,0
1.329,-0.31852,3990,0
1.314,-0.31416,4061,0
1.328,-0.3098,4050,0
1.325,-0.30543,3997,0
1.329,-0.30107,4052,0
1.327,-0.29671,4119,0
1.323,-0.29234,4001,0
1.309,-0.28798,3956,0
1.317,-0.28362,4033,0
1.318,-0.27925,4072,0
1.305,-0.27489,3982,0
1.3,-0.27053,3945,0
1.312,-0.26616,3827,0
1.311,-0.2618,3888,0
1.311,-0.25744,3935,0
1.299,-0.25307,3851,0
1.306,-0.24871,3867,0
1.301,-0.24435,3913,0
1.299,-0.23998,3854,0
1.292,-0.23562,3827,0
1.301,-0.23126,3856,0
1.287,-0.22689,3854,0
1.289,-0.22253,3792,0
1.295,-0.21817,3792,0
1.283,-0.2138,3795,0
1.281,-0.20944,3826,0
1.283,-0.20508,3858,0
1.277,-0.20071,3858,0
1.27,-0.19635,3867,0
1.288,-0.19199,3873,0
1.287,-0.18762,3846,0
1.279,-0.18326,3846,0
1.281,-0.1789,3894,0
1.281,-0.17453,3940,0
1.271,-0.17017,3858,0
1.274,-0.16581,3862,0
1.28,-0.16144,3873,0
1.266,-0.15708,3891,0
1.267,-0.15272,3918,0
1.268,-0.14835,3877,0
1.259,-0.14399,3788,0
1.268,-0.13963,3888,0
1.258,-0.13526,3912,0
1.263,-0.1309,3952,0
1.266,-0.12654,3946,0
1.258,-0.12217,3895,0
1.24,-0.11781,3941,0
1.241,-0.11345,4005,0
1.238,-0.10908,3876,0
1.25,-0.10472,3911,0
1.256,-0.10036,3992,0
1.259,-0.095993,4003,0
1.247,-0.09163,3921,0
1.248,-0.087266,3876,0
1.253,-0.082903,3882,0
1.245,-0.07854,3919,0
1.246,-0.074176,3916,0
1.245,-0.069813,3894,0
1.237,-0.06545,3943,0
1.24,-0.061087,3996,0
1.244,-0.056723,4009,0
1.236,-0.05236,3878,0
1.237,-0.047997,3872,0
1.236,-0.043633,4044,0
1.225,-0.03927,4034,0
1.224,-0.034907,3933,0
1.226,-0.030543,3980,0
1.236,-0.02618,3981,0
1.236,-0.021817,3980,0
1.239,-0.017453,3984,0
1.24,-0.01309,3954,0
1.23,-0.0087266,3978,0
1.233,-0.0043633,3958,0
1.236,0,3932,0
1.239,0.0043633,3934,0
1.248,0.0087266,3940,0
1.24,0.01309,3961,0
1.244,0.017453,4048,0
1.239,0.021817,4039,0
1.229,0.02618,3990,0
1.229,0.030543,3992,0
1.234,0.034907,3959,0
1.224,0.03927,3969,0
1.234,0.043633,3973,0
1.241,0.047997,3944,0
1.238,0.05236,3971,0
1.224,0.056723,3991,0
1.243,0.061087,3976,0
1.238,0.06545,4053,0
1.228,0.069813,3991,0
1.238,0.074176,3913,0
1.243,0.07854,3912,0
1.223,0.082903,3957,0
1.22,0.087266,3946,0
1.236,0.09163,3908,0
1.227,0.095993,3947,0
1.212,0.10036,4044,0
1.228,0.10472,4034,0
1.23,0.10908,4071,0
1.228,0.11345,4044,0
1.212,0.11781,4004,0
1.215,0.12217,4013,0
1.224,0.12654,4085,0
1.228,0.1309,4051,0
1.235,0.13526,4021,0
1.226,0.13963,4048,0
1.24,0.14399,4098,0
1.228,0.14835,4155,0
1.224,0.15272,4068,0
1.232,0.15708,4154,0
1.235,0.16144,4068,0
1.228,0.16581,4031,0
1.236,0.17017,4080,0
1.241,0.17453,4029,0
1.226,0.1789,4113,0
1.235,0.18326,4134,0
1.24,0.18762,4054,0
1.227,0.19199,4115,0
1.212,0.19635,4056,0
1.224,0.20071,4018,0
1.245,0.20508,4106,0
1.242,0.20944,4147,0
1.242,0.2138,4152,0
1.242,0.21817,4030,0
1.243,0.22253,3963,0
1.247,0.22689,3898,0
1.243,0.23126,3916,0
1.241,0.23562,3965,0
1.246,0.23998,3996,0
1.245,0.24435,3995,0
1.24,0.24871,3952,0
1.249,0.25307,3876,0
1.237,0.25744,3851,0
1.253,0.2618,3859,0
1.253,0.26616,3843,0
1.236,0.27053,3871,0
1.223,0.27489,3961,0
1.248,0.27925,3983,0
1.255,0.28362,4000,0
1.254,0.28798,3963,0
1.257,0.29234,3860,0
1.253,0.29671,3875,0
1.252,0.30107,3921,0
1.26,0.30543,3902,0
1.256,0.3098,3931,0
1.263,0.31416,3901,0
1.247,0.31852,3895,0
1.271,0.32289,3913,0
1.263,0.32725,3951,0
1.271,0.33161,3943,0
1.265,0.33598,3990,0
1.27,0.34034,3971,0
1.267,0.3447,3958,0
1.266,0.34907,3887,0
1.261,0.35343,3904,0
1.281,0.35779,3883,0
1.281,0.36216,3884,0
1.276,0.36652,3827,0
1.274,0.37088,3837,0
1.283,0.37525,3895,0
1.281,0.37961,3911,0
1.282,0.38397,3847,0
1.278,0.38834,3892,0
1.287,0.3927,3906,0
1.297,0.39706,3894,0
1.284,0.40143,3868,0
1.288,0.40579,3840,0
1.287,0.41015,3825,0
1.296,0.41452,3845,0
1.298,0.41888,3976,0
1.301,0.42324,3891,0
1.294,0.42761,3872,0
1.277,0.43197,3928,0
1.288,0.43633,3925,0
1.299,0.4407,3864,0
1.301,0.44506,3840,0
1.304,0.44942,3852,0
1.306,0.45379,3904,0
1.3,0.45815,3869,0
1.318,0.46251,3843,0
1.317,0.46688,3874,0
1.313,0.47124,3885,0
1.319,0.4756,3863,0
1.319,0.47997,3877,0
1.322,0.48433,3839,0
1.333,0.48869,3906,0
1.335,0.49306,3885,0
1.327,0.49742,3963,0
1.33,0.50178,4003,0
1.312,0.50615,4043,0
1.303,0.51051,4007,0
1.317,0.51487,4030,0
1.33,0.51924,4042,0
1.317,0.5236,4062,0
1.322,0.52796,3740,0
1.314,0.53233,3428,0
1.305,0.53669,3088,0
1.301,0.54105,3121,0
1.28,0.54542,3201,0
1.266,0.54978,3114,0
1.261,0.55414,3075,0
1.25,0.55851,3027,0
1.247,0.56287,2960,0
1.245,0.56723,2865,0
1.222,0.5716,2876,0
1.218,0.57596,2884,0
1.218,0.58032,2827,0
1.202,0.58469,2849,0
1.189,0.58905,2831,0
1.18,0.59341,2835,0
1.165,0.59778,2796,0
1.157,0.60214,2760,0
1.166,0.6065,2791,0
1.156,0.61087,2862,0
1.146,0.61523,2803,0
1.142,0.61959,2751,0
1.129,0.62396,2748,0
1.114,0.62832,2863,0
1.118,0.63268,2878,0
1.105,0.63705,2888,0
1.106,0.64141,2868,0
1.081,0.64577,2907,0
1.083,0.65014,2948,0
1.07,0.6545,3049,0
1.064,0.65886,3080,0
1.05,0.66323,3119,0
1.038,0.66759,3151,0
1.028,0.67195,3274,0
1.017,0.67632,3278,0
1.004,0.68068,3331,0
1.01,0.68504,3325,0
1.013,0.68941,3326,0
0.994,0.69377,3334,0
0.999,0.69813,3363,0
0.994,0.7025,3349,0
0.99,0.70686,3380,0
0.978,0.71122,3405,0
0.999,0.71558,3404,0
0.983,0.71995,3386,0
0.986,0.72431,3385,0
0.986,0.72867,3411,0
1.002,0.73304,3360,0
1.008,0.7374,3343,0
1.002,0.74176,3342,0
1.008,0.74613,3353,0
1.002,0.75049,3358,0
1.007,0.75485,3347,0
1.022,0.75922,3351,0
1.023,0.76358,3305,0
1.017,0.76794,3171,0
1.029,0.77231,2899,0
1.048,0.77667,2479,0
1.031,0.78103,2013,0
1.021,0.7854,1736,0
1.02,0.78976,1482,0
1.012,0.79412,1456,0
0.997,0.79849,1510,0
1.004,0.80285,1543,0
1.01,0.80721,1676,0
1.009,0.81158,2285,0
0.984,0.81594,2794,0
0.995,0.8203,2982,0
0.975,0.82467,2979,0
0.993,0.82903,3020,0
0.983,0.83339,3050,0
0.981,0.83776,2988,0
1.006,0.84212,2833,0
0.996,0.84648,2835,0
1.024,0.85085,2797,0
1.024,0.85521,2591,0
1.042,0.85957,1863,0
1.045,0.86394,1412,0
1.046,0.8683,1478,0
1.056,0.87266,1535,0
1.053,0.87703,1578,0
1.077,0.88139,1629,0
2.325,0.88575,649,0
2.294,0.89012,1808,0
2.259,0.89448,2264,0
2.228,0.89884,2436,0
2.235,0.90321,2436,0
2.242,0.90757,2449,0
2.252,0.91193,2444,0
2.247,0.9163,2451,0
2.251,0.92066,2426,0
2.27,0.92502,2479,0
2.283,0.92939,2456,0
2.297,0.93375,2415,0
2.302,0.93811,2368,0
2.317,0.94248,2371,0
2.348,0.94684,2368,0
2.338,0.9512,2372,0
2.348,0.95557,2383,0
2.379,0.95993,2327,0
2.382,0.96429,2344,0
2.39,0.96866,2279,0
2.419,0.97302,2285,0
2.43,0.97738,2221,0
2.433,0.98175,2262,0
2.445,0.98611,2234,0
2.435,0.99047,2201,0
2.446,0.99484,2214,0
2.486,0.9992,2224,0
2.506,1.0036,2156,0
2.512,1.0079,2086,0
2.519,1.0123,2171,0
2.547,1.0167,2280,0
2.539,1.021,2337,0
2.542,1.0254,2363,0
2.536,1.0297,2311,0
2.526,1.0341,2336,0
2.509,1.0385,2317,0
2.522,1.0428,2283,0
2.525,1.0472,2291,0
2.522,1.0516,2340,0
2.509,1.0559,2322,0
2.495,1.0603,2308,0
2.484,1.0647,2311,0
2.473,1.069,2349,0
2.472,1.0734,2321,0
2.48,1.0777,2324,0
2.464,1.0821,2351,0
2.48,1.0865,2324,0
2.456,1.0908,2333,0
2.448,1.0952,2310,0
2.461,1.0996,2340,0
2.451,1.1039,2334,0
2.451,1.1083,2295,0
2.441,1.1126,2329,0
2.44,1.117,2356,0
2.423,1.1214,2349,0
2.421,1.1257,2341,0
2.417,1.1301,2336,0
2.404,1.1345,2303,0
2.413,1.1388,2328,0
2.397,1.1432,2361,0
2.398,1.1476,2359,0
2.377,1.1519,2338,0
2.375,1.1563,2369,0
2.374,1.1606,2377,0
2.373,1.165,2397,0
2.373,1.1694,2347,0
2.363,1.1737,2409,0
2.362,1.1781,2406,0
2.364,1.1825,2381,0
2.356,1.1868,2371,0
2.347,1.1912,2370,0
2.342,1.1956,2422,0
2.34,1.1999,2395,0
2.334,1.2043,2391,0
2.335,1.2086,2425,0
2.324,1.213,2416,0
2.329,1.2174,2440,0
2.317,1.2217,2407,0
2.307,1.2261,2405,0
2.302,1.2305,2453,0
2.288,1.2348,2428,0
2.302,1.2392,2447,0
2.292,1.2435,2440,0
2.299,1.2479,2443,0
2.296,1.2523,2476,0
2.291,1.2566,2435,0
2.283,1.261,2461,0
2.281,1.2654,2408,0
2.279,1.2697,2456,0
2.272,1.2741,2421,0
2.275,1.2785,2430,0
2.273,1.2828,2395,0
2.268,1.2872,2464,0
2.257,1.2915,2451,0
2.269,1.2959,2477,0
2.261,1.3003,2461,0
2.259,1.3046,2459,0
2.252,1.309,2464,0
2.254,1.3134,2449,0
2.228,1.3177,2466,0
2.219,1.3221,2453,0
2.247,1.3265,2509,0
2.236,1.3308,2499,0
2.224,1.3352,2520,0
2.211,1.3395,2508,0
2.228,1.3439,2485,0
2.211,1.3483,2484,0
2.228,1.3526,2492,0
2.219,1.357,2467,0
2.205,1.3614,2486,0
2.208,1.3657,2467,0
2.208,1.3701,2458,0
2.202,1.3744,2471,0
2.209,1.3788,2513,0
2.2,1.3832,2476,0
2.196,1.3875,2498,0
2.195,1.3919,2481,0
2.195,1.3963,2479,0
2.178,1.4006,2482,0
2.181,1.405,2511,0
2.196,1.4094,2504,0
2.186,1.4137,2511,0
2.193,1.4181,2532,0
2.174,1.4224,2432,0
2.186,1.4268,2538,0
2.181,1.4312,2497,0
2.184,1.4355,2513,0
2.17,1.4399,2547,0
2.176,1.4443,2498,0
2.17,1.4486,2539,0
2.16,1.453,2527,0
2.179,1.4573,2557,0
2.168,1.4617,2544,0
2.164,1.4661,2530,0
2.163,1.4704,2569,0
2.164,1.4748,2561,0
2.154,1.4792,2568,0
2.153,1.4835,2594,0
2.165,1.4879,2603,0
2.161,1.4923,2593,0
2.16,1.4966,2590,0
2.168,1.501,2575,0
2.151,1.5053,2612,0
2.157,1.5097,2654,0
2.163,1.5141,2641,0
2.153,1.5184,2610,0
2.159,1.5228,2636,0
2.166,1.5272,2623,0
2.159,1.5315,2556,0
2.154,1.5359,2584,0
2.166,1.5403,2528,0
2.162,1.5446,2594,0
2.153,1.549,2657,0
2.154,1.5533,2652,0
2.156,1.5577,2655,0
2.147,1.5621,2688,0
2.151,1.5664,2660,0
2.145,1.5708,2723,0
2.145,1.5752,2694,0
2.16,1.5795,2699,0
2.154,1.5839,2734,0
2.167,1.5882,2772,0
2.166,1.5926,2736,0
2.175,1.597,2717,0
2.166,1.6013,2723,0
2.172,1.6057,2712,0
2.169,1.6101,2663,0
2.153,1.6144,2622,0
2.163,1.6188,2647,0
2.151,1.6232,2612,0
2.157,1.6275,2589,0
2.158,1.6319,2581,0
2.156,1.6362,2618,0
2.16,1.6406,2649,0
2.154,1.645,2681,0
2.147,1.6493,2730,0
2.141,1.6537,2736,0
2.145,1.6581,2668,0
2.125,1.6624,2694,0
2.152,1.6668,2672,0
2.138,1.6712,2652,0
2.149,1.6755,2640,0
2.143,1.6799,2578,0
2.155,1.6842,2518,0
2.163,1.6886,2512,0
2.151,1.693,2591,0
2.149,1.6973,2629,0
2.157,1.7017,2619,0
2.159,1.7061,2578,0
2.151,1.7104,2562,0
2.159,1.7148,2574,0
2.159,1.7191,2564,0
2.167,1.7235,2565,0
2.182,1.7279,2558,0
2.174,1.7322,2534,0
2.173,1.7366,2565,0
2.16,1.741,2540,0
2.155,1.7453,2529,0
2.171,1.7497,2507,0
2.164,1.7541,2509,0
2.173,1.7584,2489,0
2.174,1.7628,2513,0
2.173,1.7671,2466,0
2.168,1.7715,2475,0
2.181,1.7759,2499,0
2.168,1.7802,2483,0
2.173,1.7846,2501,0
2.188,1.789,2452,0
2.182,1.7933,2465,0
2.186,1.7977,2471,0
2.191,1.8021,2434,0
2.181,1.8064,2470,0
2.177,1.8108,2458,0
2.19,1.8151,2428,0
2.198,1.8195,2447,0
2.191,1.8239,2413,0
2.174,1.8282,2415,0
2.173,1.8326,2450,0
2.199,1.837,2412,0
2.207,1.8413,2464,0
2.204,1.8457,2452,0
2.198,1.85,2436,0
2.207,1.8544,2444,0
2.2,1.8588,2443,0
2.198,1.8631,2426,0
2.214,1.8675,2443,0
2.212,1.8719,2417,0
2.217,1.8762,2409,0
2.226,1.8806,2420,0
2.227,1.885,2427,0
2.239,1.8893,2380,0
2.224,1.8937,2411,0
2.24,1.898,2360,0
2.243,1.9024,2368,0
2.24,1.9068,2378,0
2.228,1.9111,2392,0
2.238,1.9155,2355,0
2.259,1.9199,2382,0
2.254,1.9242,2328,0
2.25,1.9286,2334,0
2.238,1.933,2359,0
2.251,1.9373,2353,0
2.263,1.9417,2367,0
2.263,1.946,2347,0
2.257,1.9504,2351,0
2.263,1.9548,2335,0
2.279,1.9591,2370,0
2.269,1.9635,2336,0
2.283,1.9679,2319,0
2.286,1.9722,2345,0
2.283,1.9766,2260,0
2.292,1.9809,2298,0
2.294,1.9853,2272,0
2.276,1.9897,2275,0
2.3,1.994,2286,0
2.312,1.9984,2294,0
2.315,2.0028,2311,0
2.305,2.0071,2294,0
2.316,2.0115,2248,0
2.322,2.0159,2256,0
2.32,2.0202,2258,0
2.33,2.0246,2265,0
2.341,2.0289,2226,0
2.349,2.0333,2178,0
2.365,2.0377,2197,0
2.355,2.042,2202,0
2.363,2.0464,2189,0
2.376,2.0508,2197,0
2.374,2.0551,2180,0
2.368,2.0595,2153,0
2.386,2.0639,2188,0
2.384,2.0682,2151,0
2.374,2.0726,2176,0
2.399,2.0769,2167,0
2.41,2.0813,2106,0
2.393,2.0857,2126,0
2.409,2.09,2161,0
2.422,2.0944,2142,0
2.414,2.0988,2133,0
2.428,2.1031,2166,0
2.445,2.1075,2106,0
2.438,2.1118,2120,0
2.448,2.1162,2093,0
2.461,2.1206,2099,0
2.465,2.1249,2111,0
2.46,2.1293,2065,0
2.459,2.1337,2017,0
2.487,2.138,2061,0
2.468,2.1424,2049,0
2.475,2.1468,2011,0
2.483,2.1511,2028,0
2.498,2.1555,2039,0
2.506,2.1598,1971,0
2.506,2.1642,1988,0
2.516,2.1686,2010,0
2.529,2.1729,2030,0
2.54,2.1773,1979,0
2.541,2.1817,1949,0
2.548,2.186,1937,0
2.568,2.1904,1940,0
2.551,2.1948,1973,0
2.568,2.1991,1977,0
2.58,2.2035,1922,0
2.586,2.2078,1902,0
2.59,2.2122,1890,0
2.604,2.2166,1862,0
2.608,2.2209,1891,0
2.604,2.2253,1838,0
2.618,2.2297,1868,0
2.629,2.234,1840,0
2.643,2.2384,1906,0
2.649,2.2427,1874,0
2.652,2.2471,1831,0
2.657,2.2515,1850,0
2.67,2.2558,1812,0
2.687,2.2602,1797,0
2.696,2.2646,1802,0
2.695,2.2689,1772,0
2.693,2.2733,1788,0
2.72,2.2777,1805,0
2.724,2.282,1777,0
2.737,2.2864,1719,0
2.742,2.2907,1780,0
2.761,2.2951,1709,0
2.775,2.2995,1665,0
2.828,2.3038,1656,0
2.881,2.3082,1582,0
2.914,2.3126,1528,0
2.938,2.3169,1542,0
2.946,2.3213,1553,0
2.933,2.3257,1535,0
2.959,2.33,1490,0
2.951,2.3344,1494,0
2.939,2.3387,1495,0
2.956,2.3431,1460,0
2.988,2.3475,1422,0
3.018,2.3518,1437,0
3.022,2.3562,1419,0
