4.916,-2.3562,2175,0
4.933,-2.3518,2218,0
4.953,-2.3475,2174,0
4.958,-2.3431,2266,0
4.967,-2.3387,2088,0
4.982,-2.3344,1938,0
4.961,-2.33,1831,0
4.948,-2.3257,1824,0
4.914,-2.3213,1769,0
4.894,-2.3169,1800,0
4.873,-2.3126,1809,0
4.841,-2.3082,1812,0
4.826,-2.3038,1771,0
4.811,-2.2995,1860,0
4.782,-2.2951,1895,0
4.75,-2.2907,2145,0
4.706,-2.2864,2315,0
4.704,-2.282,2414,0
4.669,-2.2777,2458,0
4.652,-2.2733,2465,0
4.633,-2.2689,2481,0
4.614,-2.2646,2487,0
4.598,-2.2602,2486,0
4.586,-2.2558,2496,0
4.565,-2.2515,2485,0
4.538,-2.2471,2533,0
4.528,-2.2427,2552,0
4.507,-2.2384,2532,0
4.49,-2.234,2549,0
4.477,-2.2297,2578,0
4.453,-2.2253,2540,0
4.441,-2.2209,2550,0
4.423,-2.2166,2580,0
4.405,-2.2122,2600,0
4.378,-2.2078,2607,0
4.371,-2.2035,2611,0
4.356,-2.1991,2628,0
4.346,-2.1948,2629,0
4.337,-2.1904,2636,0
4.306,-2.186,2633,0
4.292,-2.1817,2666,0
4.278,-2.1773,2658,0
4.26,-2.1729,2702,0
4.246,-2.1686,2738,0
4.231,-2.1642,2713,0
4.215,-2.1598,2735,0
4.204,-2.1555,2702,0
4.179,-2.1511,2726,0
4.176,-2.1468,2682,0
4.181,-2.1424,2575,0
4.164,-2.138,2464,0
4.165,-2.1337,2514,0
4.139,-2.1293,2510,0
4.142,-2.1249,2480,0
4.099,-2.1206,2477,0
4.095,-2.1162,2516,0
4.106,-2.1118,2495,0
4.076,-2.1075,2499,0
4.077,-2.1031,2483,0
4.06,-2.0988,2476,0
4.038,-2.0944,2487,0
4.023,-2.09,2510,0
4.03,-2.0857,2484,0
4.007,-2.0813,2513,0
3.998,-2.0769,2528,0
3.986,-2.0726,2480,0
3.968,-2.0682,2510,0
3.958,-2.0639,2535,0
3.953,-2.0595,2517,0
3.943,-2.0551,2506,0
3.931,-2.0508,2537,0
3.919,-2.0464,2566,0
3.897,-2.042,2539,0
3.91,-2.0377,2530,0
3.894,-2.0333,2542,0
3.887,-2.0289,2566,0
3.87,-2.0246,2574,0
3.874,-2.0202,2581,0
3.853,-2.0159,2524,0
3.841,-2.0115,2535,0
3.832,-2.0071,2565,0
3.811,-2.0028,2560,0
3.808,-1.9984,2569,0
3.805,-1.994,2605,0
3.797,-1.9897,2605,0
3.785,-1.9853,2614,0
3.791,-1.9809,2607,0
3.774,-1.9766,2613,0
3.756,-1.9722,2513,0
3.761,-1.9679,2609,0
3.734,-1.9635,2604,0
3.734,-1.9591,2602,0
3.74,-1.9548,2629,0
3.724,-1.9504,2624,0
3.726,-1.946,2636,0
3.712,-1.9417,2636,0
3.702,-1.9373,2613,0
3.695,-1.933,2655,0
3.688,-1.9286,2657,0
3.69,-1.9242,2640,0
3.676,-1.9199,2631,0
3.671,-1.9155,2638,0
3.661,-1.9111,2656,0
3.654,-1.9068,2645,0
3.648,-1.9024,2660,0
3.639,-1.898,2636,0
3.635,-1.8937,2657,0
3.619,-1.8893,2685,0
3.621,-1.885,2619,0
3.623,-1.8806,2677,0
3.609,-1.8762,2689,0
3.593,-1.8719,2649,0
3.597,-1.8675,2724,0
3.597,-1.8631,2695,0
3.587,-1.8588,2694,0
3.58,-1.8544,2682,0
3.574,-1.85,2683,0
3.57,-1.8457,2678,0
3.56,-1.8413,2694,0
3.557,-1.837,2731,0
3.548,-1.8326,2687,0
3.549,-1.8282,2700,0
3.542,-1.8239,2695,0
3.539,-1.8195,2661,0
3.529,-1.8151,2697,0
3.523,-1.8108,2721,0
3.523,-1.8064,2717,0
3.512,-1.8021,2693,0
3.489,-1.7977,2752,0
3.515,-1.7933,2721,0
3.504,-1.789,2712,0
3.5,-1.7846,2736,0
3.493,-1.7802,2771,0
3.491,-1.7759,2714,0
3.497,-1.7715,2722,0
3.481,-1.7671,2741,0
3.477,-1.7628,2755,0
3.484,-1.7584,2744,0
3.476,-1.7541,2740,0
3.465,-1.7497,2759,0
3.471,-1.7453,2743,0
3.457,-1.741,2750,0
3.445,-1.7366,2772,0
3.46,-1.7322,2808,0
3.45,-1.7279,2829,0
3.54,-1.7235,2744,0
2.591,-1.7191,4479,0
2.53,-1.7148,4100,0
2.509,-1.7104,3364,0
2.505,-1.7061,3257,0
2.491,-1.7017,3165,0
2.492,-1.6973,3262,0
2.509,-1.693,3398,0
2.55,-1.6886,3641,0
2.753,-1.6842,3470,0
2.965,-1.6799,3211,0
3.107,-1.6755,3321,0
3.394,-1.6712,2847,0
3.401,-1.6668,2843,0
3.402,-1.6624,2844,0
3.401,-1.6581,2836,0
3.399,-1.6537,2825,0
3.402,-1.6493,2818,0
3.401,-1.645,2849,0
3.377,-1.6406,2874,0
3.377,-1.6362,2882,0
3.395,-1.6319,2832,0
3.392,-1.6275,2854,0
3.388,-1.6232,2804,0
3.382,-1.6188,2849,0
3.381,-1.6144,2855,0
3.383,-1.6101,2869,0
3.384,-1.6057,2858,0
3.386,-1.6013,2833,0
3.379,-1.597,2884,0
3.384,-1.5926,2833,0
3.382,-1.5882,2876,0
3.37,-1.5839,2892,0
3.37,-1.5795,2902,0
3.379,-1.5752,2859,0
3.373,-1.5708,2900,0
3.367,-1.5664,2907,0
3.368,-1.5621,2849,0
3.362,-1.5577,2910,0
3.36,-1.5533,2911,0
3.375,-1.549,2915,0
3.366,-1.5446,2870,0
3.361,-1.5403,2867,0
3.37,-1.5359,2885,0
3.375,-1.5315,2826,0
3.362,-1.5272,2879,0
3.362,-1.5228,2861,0
3.346,-1.5184,2784,0
3.362,-1.5141,2739,0
3.367,-1.5097,2814,0
3.364,-1.5053,2805,0
3.364,-1.501,2793,0
3.371,-1.4966,2815,0
3.372,-1.4923,2807,0
3.37,-1.4879,2851,0
3.368,-1.4835,2842,0
3.371,-1.4792,2883,0
3.359,-1.4748,2849,0
3.352,-1.4704,2839,0
3.349,-1.4661,2769,0
3.318,-1.4617,2730,0
3.296,-1.4573,2713,0
3.331,-1.453,2742,0
3.367,-1.4486,2789,0
3.365,-1.4443,2799,0
3.385,-1.4399,2811,0
3.374,-1.4355,2778,0
3.381,-1.4312,2786,0
3.383,-1.4268,2796,0
3.381,-1.4224,2769,0
3.388,-1.4181,2735,0
3.397,-1.4137,2762,0
3.39,-1.4094,2733,0
3.389,-1.405,2720,0
3.379,-1.4006,2745,0
3.371,-1.3963,2757,0
3.287,-1.3919,2667,0
3.143,-1.3875,2575,0
3.093,-1.3832,2783,0
3.109,-1.3788,3055,0
3.186,-1.3744,3147,0
3.376,-1.3701,2821,0
3.393,-1.3657,2768,0
3.393,-1.3614,2761,0
3.404,-1.357,2760,0
3.355,-1.3526,2861,0
3.242,-1.3483,2934,0
3.179,-1.3439,2894,0
3.144,-1.3395,2772,0
3.114,-1.3352,2761,0
3.095,-1.3308,2820,0
3.093,-1.3265,2875,0
3.096,-1.3221,2868,0
3.11,-1.3177,2748,0
3.162,-1.3134,2469,0
3.239,-1.309,2006,0
3.349,-1.3046,1539,0
3.417,-1.3003,1383,0
3.453,-1.2959,1300,0
3.559,-1.2915,1156,0
2.486,-1.2872,2870,0
2.423,-1.2828,2838,0
2.401,-1.2785,2802,0
2.382,-1.2741,2790,0
2.375,-1.2697,2782,0
2.379,-1.2654,2800,0
2.384,-1.261,2751,0
2.38,-1.2566,2778,0
2.386,-1.2523,2790,0
2.399,-1.2479,2771,0
2.395,-1.2435,2703,0
2.405,-1.2392,2635,0
2.394,-1.2348,2519,0
2.415,-1.2305,2354,0
2.415,-1.2261,2313,0
2.43,-1.2217,2389,0
2.425,-1.2174,2431,0
2.433,-1.213,2372,0
2.423,-1.2086,2264,0
2.438,-1.2043,2204,0
2.443,-1.1999,2199,0
2.448,-1.1956,2195,0
2.444,-1.1912,2309,0
2.448,-1.1868,2364,0
2.439,-1.1825,2634,0
2.452,-1.1781,2576,0
2.465,-1.1737,2511,0
2.473,-1.1694,2441,0
2.457,-1.165,2379,0
2.467,-1.1606,2388,0
2.482,-1.1563,2361,0
2.471,-1.1519,2431,0
2.481,-1.1476,2468,0
2.482,-1.1432,2598,0
2.476,-1.1388,2702,0
2.482,-1.1345,2973,0
2.476,-1.1301,3111,0
2.46,-1.1257,3163,0
2.463,-1.1214,3259,0
2.456,-1.117,3198,0
2.423,-1.1126,3141,0
2.385,-1.1083,3189,0
2.346,-1.1039,3253,0
2.313,-1.0996,3279,0
2.282,-1.0952,3250,0
2.259,-1.0908,3279,0
2.242,-1.0865,3307,0
2.23,-1.0821,3259,0
2.2,-1.0777,3302,0
2.172,-1.0734,3301,0
2.154,-1.069,3312,0
2.121,-1.0647,3336,0
2.153,-1.0603,3322,0
1.764,-1.0559,3860,1
1.653,-1.0516,4107,1
1.598,-1.0472,4009,1
1.572,-1.0428,3986,1
1.533,-1.0385,3818,1
1.519,-1.0341,3705,1
1.5,-1.0297,3554,1
1.467,-1.0254,3513,1
1.463,-1.021,3469,1
1.456,-1.0167,3352,1
1.435,-1.0123,3354,1
1.409,-1.0079,3450,1
1.398,-1.0036,3406,1
1.4,-0.9992,3426,1
1.397,-0.99484,3517,1
1.414,-0.99047,3641,1
1.484,-0.98611,3821,1
1.676,-0.98175,3485,0
1.668,-0.97738,3519,0
1.666,-0.97302,3521,0
1.655,-0.96866,3526,0
1.635,-0.96429,3468,0
1.616,-0.95993,3535,0
1.598,-0.95557,3609,0
1.593,-0.9512,3571,0
1.567,-0.94684,3619,0
1.568,-0.94248,3615,0
1.548,-0.93811,3638,0
1.529,-0.93375,3658,0
1.522,-0.92939,3622,0
1.509,-0.92502,3606,0
1.498,-0.92066,3633,0
1.46,-0.9163,3679,0
1.468,-0.91193,3656,0
1.45,-0.90757,3632,0
1.439,-0.90321,3666,0
1.445,-0.89884,3651,0
1.427,-0.89448,3672,0
1.416,-0.89012,3685,0
1.404,-0.88575,3744,0
1.392,-0.88139,3762,0
1.392,-0.87703,3797,0
1.389,-0.87266,3817,0
1.373,-0.8683,3880,0
1.374,-0.86394,3864,0
1.369,-0.85957,3857,0
1.351,-0.85521,3813,0
1.338,-0.85085,3857,0
1.348,-0.84648,3981,0
1.327,-0.84212,3999,0
1.325,-0.83776,3965,0
1.327,-0.83339,3895,0
1.302,-0.82903,3918,0
1.314,-0.82467,3999,0
1.289,-0.8203,4005,0
1.278,-0.81594,3951,0
1.28,-0.81158,3936,0
1.281,-0.80721,3958,0
1.265,-0.80285,3928,0
1.261,-0.79849,3916,0
1.248,-0.79412,4005,0
1.249,-0.78976,3927,0
1.237,-0.7854,3931,0
1.235,-0.78103,3891,0
1.242,-0.77667,3939,0
1.226,-0.77231,3914,0
1.214,-0.76794,3890,0
1.208,-0.76358,4009,0
1.207,-0.75922,4031,0
1.2,-0.75485,3954,0
1.169,-0.75049,3983,0
1.159,-0.74613,4165,0
1.163,-0.74176,4207,0
1.164,-0.7374,4183,0
1.163,-0.73304,4261,0
1.158,-0.72867,4257,0
1.141,-0.72431,4257,0
1.146,-0.71995,4242,0
1.136,-0.71558,4092,0
1.126,-0.71122,4106,0
1.105,-0.70686,4125,0
1.105,-0.7025,4024,0
1.116,-0.69813,4108,0
1.088,-0.69377,4097,0
1.087,-0.68941,4013,0
1.086,-0.68504,4061,0
1.076,-0.68068,4057,0
1.072,-0.67632,4232,0
1.054,-0.67195,4521,0
1.041,-0.66759,4631,0
1.062,-0.66323,4450,0
1.047,-0.65886,4317,0
1.05,-0.6545,4314,0
1.044,-0.65014,4337,0
1.022,-0.64577,4430,0
1.048,-0.64141,4394,0
1.028,-0.63705,4405,0
1.013,-0.63268,4438,0
1.011,-0.62832,4450,0
1.026,-0.62396,4432,0
1.009,-0.61959,4367,0
1.001,-0.61523,4438,0
1.003,-0.61087,4374,0
0.985,-0.6065,4425,0
0.99,-0.60214,4486,0
0.966,-0.59778,4463,0
0.981,-0.59341,4484,0
0.98,-0.58905,4512,0
0.97,-0.58469,4510,0
0.957,-0.58032,4518,0
0.964,-0.57596,4525,0
0.962,-0.5716,4467,0
0.956,-0.56723,4528,0
0.95,-0.56287,4564,0
0.952,-0.55851,4531,0
0.944,-0.55414,4597,0
0.937,-0.54978,4547,0
0.94,-0.54542,4537,0
0.937,-0.54105,4538,0
0.919,-0.53669,4677,0
0.918,-0.53233,4653,0
0.909,-0.52796,4649,0
0.915,-0.5236,4576,0
0.898,-0.51924,4629,0
0.883,-0.51487,4623,0
0.886,-0.51051,4601,0
0.889,-0.50615,4605,0
0.893,-0.50178,4523,0
0.893,-0.49742,4640,0
0.881,-0.49306,4591,0
0.883,-0.48869,4659,0
0.892,-0.48433,4790,0
0.889,-0.47997,4843,0
0.876,-0.4756,4826,0
0.879,-0.47124,4857,0
0.877,-0.46688,4827,0
0.87,-0.46251,4768,0
0.859,-0.45815,4751,0
0.863,-0.45379,4900,0
0.867,-0.44942,5019,0
0.853,-0.44506,5002,0
0.833,-0.4407,4931,0
0.85,-0.43633,4704,0
0.847,-0.43197,4708,0
0.829,-0.42761,4720,0
0.833,-0.42324,4991,0
0.835,-0.41888,5301,0
0.836,-0.41452,5243,0
0.832,-0.41015,5040,0
0.834,-0.40579,5093,0
0.825,-0.40143,5257,0
0.822,-0.39706,5144,0
0.82,-0.3927,5090,0
0.823,-0.38834,4903,0
0.82,-0.38397,4988,0
0.816,-0.37961,5171,0
0.825,-0.37525,5203,0
0.815,-0.37088,4941,0
0.8,-0.36652,4807,0
0.802,-0.36216,4800,0
0.812,-0.35779,4747,0
0.81,-0.35343,4663,0
0.809,-0.34907,4751,0
0.802,-0.3447,4780,0
0.798,-0.34034,4843,0
0.796,-0.33598,4714,0
0.799,-0.33161,4864,0
0.79,-0.32725,4955,0
0.786,-0.32289,5008,0
0.791,-0.31852,5307,0
0.788,-0.31416,5376,0
0.795,-0.3098,5313,0
0.793,-0.30543,5244,0
0.798,-0.30107,5151,0
0.8,-0.29671,5010,0
0.777,-0.29234,4884,0
0.771,-0.28798,4758,0
0.792,-0.28362,4759,0
0.79,-0.27925,4798,0
0.778,-0.27489,4676,0
0.772,-0.27053,4834,0
0.774,-0.26616,5201,0
0.782,-0.2618,5451,0
0.777,-0.25744,5236,0
0.772,-0.25307,5092,0
0.771,-0.24871,4880,0
0.775,-0.24435,4835,0
0.777,-0.23998,4879,0
0.767,-0.23562,4817,0
0.767,-0.23126,4705,0
0.763,-0.22689,4684,0
0.732,-0.22253,4847,0
0.773,-0.21817,4780,0
0.754,-0.2138,4946,0
0.741,-0.20944,5202,0
0.757,-0.20508,5276,0
0.759,-0.20071,5219,0
0.753,-0.19635,5065,0
0.758,-0.19199,4969,0
0.751,-0.18762,5037,0
0.741,-0.18326,4881,0
0.755,-0.1789,4795,0
0.755,-0.17453,4817,0
0.733,-0.17017,4935,0
0.73,-0.16581,4909,0
0.76,-0.16144,4788,0
0.754,-0.15708,4855,0
0.733,-0.15272,5004,0
0.749,-0.14835,5162,0
0.744,-0.14399,5110,0
0.73,-0.13963,5053,0
0.721,-0.13526,5051,0
0.706,-0.1309,5000,0
0.719,-0.12654,4983,0
0.72,-0.12217,4944,0
0.705,-0.11781,5139,0
0.701,-0.11345,5490,0
0.721,-0.10908,5450,0
0.712,-0.10472,5581,0
0.715,-0.10036,5354,0
0.728,-0.095993,5286,0
0.721,-0.09163,5194,0
0.724,-0.087266,5269,0
0.735,-0.082903,5382,0
0.726,-0.07854,5318,0
0.728,-0.074176,5289,0
0.732,-0.069813,5127,0
0.732,-0.06545,4874,0
0.72,-0.061087,4705,0
0.712,-0.056723,4714,0
0.708,-0.05236,4701,0
0.718,-0.047997,4701,0
0.717,-0.043633,4895,0
0.718,-0.03927,5145,0
0.715,-0.034907,5188,0
0.729,-0.030543,4893,0
0.728,-0.02618,4868,0
0.716,-0.021817,4919,0
0.723,-0.017453,4931,0
0.721,-0.01309,5002,0
0.711,-0.0087266,5079,0
0.715,-0.0043633,5019,0
0.716,0,4711,0
0.707,0.0043633,4857,0
0.712,0.0087266,5228,0
0.709,0.01309,5388,0
0.719,0.017453,5194,0
0.701,0.021817,4962,0
0.72,0.02618,4781,0
0.709,0.030543,4969,0
0.715,0.034907,5168,0
0.721,0.03927,5338,0
0.705,0.043633,5232,0
0.707,0.047997,4941,0
0.706,0.05236,4780,0
0.705,0.056723,4909,0
0.704,0.061087,5060,0
0.714,0.06545,5128,0
0.705,0.069813,5172,0
0.712,0.074176,5067,0
0.706,0.07854,5257,0
0.689,0.082903,5513,0
0.702,0.087266,5579,0
0.699,0.09163,5684,0
0.699,0.095993,5907,0
0.692,0.10036,5785,0
0.706,0.10472,5653,0
0.701,0.10908,5443,0
0.708,0.11345,5212,0
0.704,0.11781,5262,0
0.708,0.12217,5247,0
0.702,0.12654,5309,0
0.709,0.1309,5336,0
0.707,0.13526,5304,0
0.708,0.13963,5236,0
0.702,0.14399,5224,0
0.696,0.14835,5285,0
0.7,0.15272,5338,0
0.7,0.15708,5239,0
0.695,0.16144,5274,0
0.702,0.16581,5220,0
0.712,0.17017,5188,0
0.692,0.17453,5243,0
0.701,0.1789,5171,0
0.707,0.18326,5216,0
0.682,0.18762,5359,0
0.694,0.19199,5213,0
0.713,0.19635,5200,0
0.699,0.20071,5193,0
0.698,0.20508,5199,0
0.701,0.20944,5135,0
0.698,0.2138,5228,0
0.71,0.21817,5246,0
0.694,0.22253,5100,0
0.694,0.22689,5293,0
0.706,0.23126,5410,0
0.708,0.23562,5432,0
0.709,0.23998,5481,0
0.708,0.24435,5562,0
0.713,0.24871,5535,0
0.71,0.25307,5220,0
0.701,0.25744,5274,0
0.708,0.2618,5306,0
0.693,0.26616,5129,0
0.695,0.27053,5111,0
0.697,0.27489,5257,0
0.701,0.27925,5206,0
0.708,0.28362,5230,0
0.699,0.28798,5129,0
0.697,0.29234,5009,0
0.717,0.29671,4934,0
0.711,0.30107,5050,0
0.701,0.30543,5178,0
0.714,0.3098,5188,0
0.712,0.31416,5357,0
0.703,0.31852,5543,0
0.732,0.32289,5623,0
0.725,0.32725,5606,0
0.722,0.33161,5554,0
0.72,0.33598,5585,0
0.718,0.34034,5634,0
0.728,0.3447,5442,0
0.705,0.34907,5291,0
0.7,0.35343,5313,0
0.725,0.35779,5104,0
0.732,0.36216,4890,0
0.727,0.36652,4871,0
0.723,0.37088,4739,0
0.735,0.37525,4801,0
0.732,0.37961,4777,0
0.743,0.38397,4787,0
0.736,0.38834,4911,0
0.733,0.3927,4925,0
0.739,0.39706,4983,0
0.732,0.40143,5082,0
0.734,0.40579,5076,0
0.741,0.41015,4939,0
0.758,0.41452,4855,0
0.751,0.41888,4867,0
0.73,0.42324,4987,0
0.737,0.42761,5157,0
0.732,0.43197,5061,0
0.742,0.43633,4960,0
0.756,0.4407,4970,0
0.758,0.44506,5099,0
0.757,0.44942,5200,0
0.746,0.45379,5271,0
0.758,0.45815,5213,0
0.766,0.46251,5278,0
0.771,0.46688,5026,0
0.762,0.47124,4805,0
0.753,0.4756,4721,0
0.771,0.47997,4793,0
0.762,0.48433,4846,0
0.765,0.48869,4897,0
0.762,0.49306,4985,0
0.767,0.49742,4995,0
0.767,0.50178,5074,0
0.743,0.50615,5203,0
0.773,0.51051,5126,0
0.762,0.51487,5261,0
0.764,0.51924,5306,0
0.769,0.5236,5102,0
0.773,0.52796,5016,0
0.769,0.53233,5055,0
0.767,0.53669,5065,0
0.772,0.54105,5064,0
0.78,0.54542,5006,0
0.775,0.54978,5056,0
0.778,0.55414,5116,0
0.783,0.55851,5109,0
0.781,0.56287,5069,0
0.786,0.56723,5120,0
0.784,0.5716,5141,0
0.787,0.57596,5099,0
0.78,0.58032,5119,0
0.774,0.58469,5039,0
0.782,0.58905,4858,0
0.797,0.59341,4715,0
0.799,0.59778,4627,0
0.789,0.60214,4717,0
0.799,0.6065,4804,0
0.801,0.61087,4776,0
0.807,0.61523,4868,0
0.802,0.61959,4832,0
0.809,0.62396,4969,0
0.812,0.62832,5118,0
0.811,0.63268,5121,0
0.819,0.63705,4833,0
0.828,0.64141,4867,0
0.831,0.64577,5057,0
0.817,0.65014,5144,0
0.825,0.6545,5113,0
0.813,0.65886,4984,0
0.832,0.66323,5034,0
0.844,0.66759,4982,0
0.835,0.67195,4929,0
0.842,0.67632,4979,0
0.841,0.68068,5025,0
0.855,0.68504,4828,0
0.859,0.68941,4795,0
0.862,0.69377,5002,0
0.871,0.69813,5043,0
0.86,0.7025,4930,0
0.878,0.70686,4863,0
0.872,0.71122,4776,0
0.876,0.71558,4818,0
0.887,0.71995,4816,0
0.876,0.72431,4800,0
0.884,0.72867,4720,0
0.886,0.73304,4779,0
0.882,0.7374,4778,0
0.87,0.74176,4824,0
0.879,0.74613,4714,0
0.894,0.75049,4655,0
0.908,0.75485,4678,0
0.91,0.75922,4625,0
0.901,0.76358,4637,0
0.907,0.76794,4608,0
0.919,0.77231,4639,0
0.914,0.77667,4567,0
0.923,0.78103,4638,0
0.911,0.7854,4570,0
0.92,0.78976,4628,0
0.931,0.79412,4800,0
0.921,0.79849,4864,0
0.934,0.80285,4955,0
0.921,0.80721,4812,0
0.933,0.81158,4742,0
0.95,0.81594,4727,0
0.938,0.8203,4657,0
0.928,0.82467,4520,0
0.951,0.82903,4491,0
0.952,0.83339,4527,0
0.96,0.83776,4558,0
0.961,0.84212,4517,0
0.956,0.84648,4377,0
0.967,0.85085,4313,0
0.974,0.85521,4331,0
0.97,0.85957,4346,0
0.977,0.86394,4409,0
0.967,0.8683,4503,0
0.976,0.87266,4405,0
0.985,0.87703,4235,0
0.993,0.88139,4176,0
0.986,0.88575,4200,0
0.99,0.89012,4199,0
0.991,0.89448,4104,0
0.984,0.89884,4059,0
1.005,0.90321,3994,0
1.013,0.90757,4140,0
1.009,0.91193,4189,0
1.011,0.9163,4194,0
1.025,0.92066,4253,0
1.022,0.92502,4285,0
1.017,0.92939,4406,0
0.983,0.93375,4414,1
0.903,0.93811,4531,1
0.734,0.94248,4622,1
0.693,0.94684,4444,1
0.679,0.9512,4466,1
0.677,0.95557,4443,1
0.672,0.95993,4474,1
0.67,0.96429,4091,1
0.67,0.96866,3771,1
0.669,0.97302,3727,1
0.655,0.97738,3726,1
0.645,0.98175,3722,1
0.65,0.98611,3661,1
0.662,0.99047,3635,1
0.657,0.99484,3560,1
0.665,0.9992,3546,1
0.666,1.0036,3528,1
0.673,1.0079,3574,1
0.679,1.0123,3543,1
0.679,1.0167,3522,1
0.69,1.021,3553,1
0.681,1.0254,3530,1
0.692,1.0297,3543,1
0.698,1.0341,3582,1
0.703,1.0385,3602,1
0.689,1.0428,3625,1
0.701,1.0472,3573,1
0.705,1.0516,3618,1
0.707,1.0559,3572,1
0.709,1.0603,3596,1
0.723,1.0647,3601,1
0.733,1.069,3512,1
0.726,1.0734,3534,1
0.739,1.0777,3562,1
0.724,1.0821,3516,1
0.758,1.0865,3520,1
0.754,1.0908,3491,1
0.745,1.0952,3522,1
0.764,1.0996,3572,1
0.762,1.1039,3530,1
0.767,1.1083,3555,1
0.778,1.1126,3523,1
0.781,1.117,3548,1
0.774,1.1214,3496,1
0.786,1.1257,3526,1
0.786,1.1301,3471,1
0.777,1.1345,3683,1
0.813,1.1388,4037,1
0.835,1.1432,4279,1
0.879,1.1476,4400,1
1.049,1.1519,4041,1
1.424,1.1563,3519,0
1.389,1.1606,3474,0
1.411,1.165,3593,0
1.422,1.1694,3597,0
1.422,1.1737,3679,0
1.418,1.1781,3608,0
1.444,1.1825,3593,0
1.447,1.1868,3511,0
1.47,1.1912,3472,0
1.474,1.1956,3467,0
1.476,1.1999,3455,0
1.487,1.2043,3441,0
1.496,1.2086,3420,0
1.517,1.213,3455,0
1.521,1.2174,3456,0
1.525,1.2217,3513,0
1.54,1.2261,3548,0
1.539,1.2305,3527,0
1.545,1.2348,3541,0
1.549,1.2392,3504,0
1.552,1.2435,3401,0
1.552,1.2479,3371,0
1.556,1.2523,3289,0
1.555,1.2566,3215,0
1.549,1.261,3260,0
1.548,1.2654,3340,0
1.548,1.2697,3219,0
1.526,1.2741,3142,0
1.529,1.2785,3077,0
1.536,1.2828,3058,0
1.529,1.2872,2984,0
1.532,1.2915,2982,0
1.526,1.2959,2913,0
1.506,1.3003,2834,0
1.514,1.3046,2828,0
1.526,1.309,2847,0
1.531,1.3134,2854,0
1.528,1.3177,2746,0
1.518,1.3221,2733,0
1.519,1.3265,2769,0
1.522,1.3308,2867,0
1.513,1.3352,2901,0
1.506,1.3395,2891,0
1.509,1.3439,2823,0
1.512,1.3483,2751,0
1.509,1.3526,2722,0
1.508,1.357,2677,0
1.507,1.3614,2660,0
1.502,1.3657,2636,0
1.502,1.3701,2608,0
1.495,1.3744,2608,0
1.483,1.3788,2582,0
1.496,1.3832,2533,0
1.491,1.3875,2551,0
1.497,1.3919,2590,0
1.492,1.3963,2548,0
1.493,1.4006,2628,0
1.486,1.405,2574,0
1.475,1.4094,2583,0
1.497,1.4137,2550,0
1.49,1.4181,2564,0
1.492,1.4224,2602,0
1.474,1.4268,2569,0
1.481,1.4312,2611,0
1.472,1.4355,2653,0
1.486,1.4399,2649,0
1.483,1.4443,2763,0
1.465,1.4486,2960,0
1.463,1.453,3017,0
1.443,1.4573,3119,0
1.449,1.4617,3117,0
1.457,1.4661,3153,0
1.462,1.4704,3151,0
1.453,1.4748,3139,0
1.453,1.4792,3171,0
1.449,1.4835,3132,0
1.451,1.4879,3150,0
1.453,1.4923,3174,0
1.442,1.4966,3195,0
1.447,1.501,3140,0
1.446,1.5053,3182,0
1.465,1.5097,3082,0
1.491,1.5141,2986,0
1.517,1.5184,2853,0
1.532,1.5228,2713,0
1.531,1.5272,2686,0
1.535,1.5315,2711,0
1.516,1.5359,2684,0
1.528,1.5403,2692,0
1.52,1.5446,2654,0
1.535,1.549,2667,0
1.532,1.5533,2667,0
1.526,1.5577,2762,0
1.546,1.5621,2856,0
1.552,1.5664,2963,0
1.597,1.5708,3356,0
3.061,1.5752,1571,0
3.02,1.5795,2068,0
3.001,1.5839,2206,0
2.995,1.5882,2267,0
2.994,1.5926,2232,0
3.001,1.597,2171,0
2.994,1.6013,2172,0
2.993,1.6057,2167,0
2.981,1.6101,2203,0
2.977,1.6144,2251,0
2.976,1.6188,2228,0
2.987,1.6232,2235,0
2.981,1.6275,2240,0
2.979,1.6319,2231,0
2.984,1.6362,2212,0
2.98,1.6406,2216,0
2.982,1.645,2211,0
2.988,1.6493,2242,0
2.986,1.6537,2243,0
2.99,1.6581,2217,0
2.984,1.6624,2208,0
2.988,1.6668,2183,0
2.986,1.6712,2199,0
2.989,1.6755,2224,0
2.983,1.6799,2207,0
2.992,1.6842,2183,0
2.988,1.6886,2158,0
2.974,1.693,2188,0
2.98,1.6973,2197,0
2.977,1.7017,2138,0
2.992,1.7061,2081,0
3.004,1.7104,2084,0
2.992,1.7148,2091,0
2.997,1.7191,2188,0
2.993,1.7235,2150,0
2.996,1.7279,2124,0
3,1.7322,2123,0
3.006,1.7366,2072,0
3.002,1.741,2113,0
2.997,1.7453,2069,0
2.993,1.7497,2076,0
3.004,1.7541,2066,0
3.003,1.7584,2048,0
2.998,1.7628,2101,0
3.002,1.7671,2064,0
2.99,1.7715,2057,0
3.01,1.7759,2041,0
3.002,1.7802,2030,0
2.992,1.7846,2011,0
3.007,1.789,2020,0
3.016,1.7933,2008,0
3.015,1.7977,1995,0
3.013,1.8021,1967,0
3.014,1.8064,2001,0
3.026,1.8108,1953,0
3.023,1.8151,1838,0
3.024,1.8195,1908,0
3.023,1.8239,1942,0
3.03,1.8282,1925,0
3.046,1.8326,1958,0
3.032,1.837,1931,0
3.029,1.8413,1926,0
3.039,1.8457,1901,0
3.048,1.85,1933,0
3.037,1.8544,1889,0
3.031,1.8588,1920,0
3.037,1.8631,1908,0
3.059,1.8675,1893,0
3.067,1.8719,1921,0
3.062,1.8762,1901,0
3.063,1.8806,1874,0
3.066,1.885,1830,0
3.058,1.8893,1814,0
3.071,1.8937,1849,0
3.079,1.898,1816,0
3.094,1.9024,1904,0
3.076,1.9068,1833,0
3.089,1.9111,1831,0
3.09,1.9155,1782,0
3.1,1.9199,1827,0
3.092,1.9242,1792,0
3.103,1.9286,1766,0
3.092,1.933,1815,0
3.087,1.9373,1790,0
3.095,1.9417,1781,0
3.113,1.946,1773,0
3.115,1.9504,1783,0
3.123,1.9548,1759,0
3.115,1.9591,1753,0
3.128,1.9635,1772,0
3.145,1.9679,1712,0
3.145,1.9722,1689,0
3.135,1.9766,1691,0
3.147,1.9809,1707,0
3.168,1.9853,1741,0
3.152,1.9897,1781,0
3.169,1.994,1719,0
3.161,1.9984,1673,0
3.176,2.0028,1676,0
3.18,2.0071,1646,0
3.19,2.0115,1649,0
3.185,2.0159,1599,0
3.184,2.0202,1634,0
3.19,2.0246,1663,0
3.215,2.0289,1621,0
3.221,2.0333,1617,0
3.214,2.0377,1632,0
3.219,2.042,1614,0
3.234,2.0464,1611,0
3.248,2.0508,1535,0
3.241,2.0551,1579,0
3.253,2.0595,1605,0
3.252,2.0639,1586,0
3.258,2.0682,1560,0
3.272,2.0726,1565,0
3.276,2.0769,1564,0
3.276,2.0813,1550,0
3.283,2.0857,1534,0
3.298,2.09,1544,0
3.302,2.0944,1552,0
3.32,2.0988,1519,0
3.304,2.1031,1536,0
3.302,2.1075,1498,0
3.337,2.1118,1538,0
3.343,2.1162,1567,0
3.352,2.1206,1534,0
3.356,2.1249,1476,0
3.371,2.1293,1464,0
3.363,2.1337,1511,0
3.372,2.138,1470,0
3.381,2.1424,1481,0
3.385,2.1468,1493,0
3.412,2.1511,1446,0
3.403,2.1555,1464,0
3.411,2.1598,1403,0
3.425,2.1642,1448,0
3.436,2.1686,1433,0
3.436,2.1729,1419,0
3.447,2.1773,1413,0
3.461,2.1817,1374,0
3.458,2.186,1463,0
3.466,2.1904,1415,0
3.538,2.1948,1382,0
3.576,2.1991,1328,0
3.62,2.2035,1338,0
3.638,2.2078,1316,0
3.637,2.2122,1349,0
3.652,2.2166,1288,0
3.646,2.2209,1315,0
3.654,2.2253,1306,0
3.652,2.2297,1256,0
3.664,2.234,1298,0
3.682,2.2384,1273,0
3.725,2.2427,1249,0
3.721,2.2471,1317,0
3.731,2.2515,1303,0
3.751,2.2558,1215,0
3.769,2.2602,1233,0
3.767,2.2646,1263,0
3.774,2.2689,1163,0
3.807,2.2733,1096,0
3.82,2.2777,615,0
3.837,2.282,129,0
60,2.2864,0,0
60,2.2907,0,0
2.015,2.2951,231,0
2.007,2.2995,334,0
1.986,2.3038,414,0
1.966,2.3082,489,0
1.951,2.3126,683,0
1.991,2.3169,694,0
1.971,2.3213,688,0
1.997,2.3257,522,0
1.984,2.33,473,0
3.873,2.3344,958,0
3.875,2.3387,1780,0
3.883,2.3431,2107,0
3.915,2.3475,2196,0
3.941,2.3518,2191,0
3.942,2.3562,2181,0
